14.42955
14.02180
13.26544
15.36428
14.73838
13.17421
14.10856
14.02420
13.49851
14.54692
13.39319
14.38209
15.49248
13.28596
14.51730
14.31328
14.23474
14.85886
13.63485
14.55176
13.30010
13.85298
13.50867
14.19010
13.40610
13.46799
14.35079
14.27925
13.50203
13.46284
13.58022
14.01849
14.84577
13.32261
14.51280
13.25908
14.97272
13.54867
13.84152
14.59244
14.70321
14.95291
13.26239
14.49483
14.45826
14.36802
14.27006
14.87495
14.37258
13.65582
14.95723
13.96185
13.79602
14.84572
14.23747
13.31398
14.70303
13.92394
15.20829
14.12625
13.37288
14.87073
13.85065
14.63777
14.38988
14.50631
13.32002
13.44001
14.20972
14.56375
13.12041
13.67350
13.97621
13.82812
14.80169
13.22488
14.24398
13.59196
13.07289
14.09987
13.59007
13.61334
13.13168
13.24401
14.07235
14.87189
13.81643
13.72623
15.35730
13.92210
14.59628
13.55454
15.24419
13.38903
14.26397
14.78347
13.57548
14.50171
14.39129
14.66069
13.40776
14.72633
14.44696
14.23233
15.28294
15.25797
14.40985
14.54064
13.82624
14.27397
15.05280
14.82742
14.27608
15.44992
13.29990
14.65673
13.84585
13.92104
15.25604
13.54320
14.16928
13.57491
14.23093
14.92904
13.40880
13.55069
13.04154
14.29966
14.15007
13.21322
14.71154
14.71700
15.36896
14.37207
14.89892
13.29325
13.15907
14.17440
14.08584
14.04278
13.63910
13.66133
13.20128
14.94228
13.47172
14.17395
13.99298
14.18336
13.98514
13.84680
13.22328
13.88544
13.01184
15.15739
15.48412
14.17836
13.30721
14.02580
14.75916
13.59254
14.38245
13.61275
14.63953
13.94808
14.35466
13.53805
13.82822
14.82402
13.00848
14.87838
13.39240
15.00415
13.14733
15.12859
14.79135
13.00868
14.04351
14.07453
13.92337
13.05866
13.18511
13.43632
14.53919
13.40039
13.07619
13.09439
14.13087
13.78105
13.82631
13.41371
13.04116
15.48472
13.13588
14.73489
15.32961
15.45912
13.24278
14.10357
14.11234
14.96013
14.26300
14.25441
13.26561
13.77693
15.25599
15.19739
13.50013
13.65515
15.37458
13.19077
14.42996
15.48868
15.10653
13.90905
13.72269
13.64664
15.49992
13.94430
14.52332
14.91332
14.77522
13.60763
13.14678
13.12800
14.34296
14.61950
13.05788
15.05849
15.28310
13.61291
13.24388
14.10381
14.21343
13.50156
13.37270
13.72517
14.20878
13.34780
13.00480
15.24471
14.59907
14.55651
13.91191
14.33385
14.08280
14.69588
13.32579
13.49392
13.75238
14.54072
13.99656
14.79654
14.92503
14.98780
13.88001
14.46571
13.19038
15.13033
14.86459
14.82244
14.35723
15.32508
13.81429
13.81404
14.50271
14.11749
15.38565
14.36766
13.40055
14.30930
14.33391
13.21998
15.17971
14.12303
14.56989
13.19049
14.99894
13.31542
14.30320
14.32724
13.41310
13.85872
13.04817
15.42429
15.43140
14.07806
15.39170
14.28754
13.02556
15.00505
13.45018
15.24402
13.97928
14.62235
13.99601
15.28007
14.19050
13.02490
13.60454
13.00178
14.73577
13.46453
15.08552
14.37063
13.26332
14.28870
14.31014
13.11191
13.36495
13.23232
14.50915
14.51689
13.64282
14.71737
13.11669
15.30573
14.91707
15.12460
14.54646
15.44655
15.39131
15.07571
13.64521
13.27605
15.17651
15.08995
15.46767
14.76308
13.77119
14.88092
15.30301
14.37641
13.48026
15.34756
14.11115
13.54887
14.73154
14.96067
14.22036
15.35591
13.00919
14.29126
13.71875
14.15194
15.12560
14.23425
14.97224
14.51130
14.15232
14.14201
14.54237
15.29266
14.21463
14.97535
14.47120
15.44317
13.19543
15.43680
14.26062
13.78852
15.40586
14.41793
15.07251
13.63428
15.19567
14.78969
15.16750
14.09586
13.95246
14.46346
14.80501
14.60332
13.44858
14.39983
13.72822
14.21628
13.19824
14.66160
14.48120
13.71128
13.58045
15.23124
13.55718
14.49643
13.88589
15.27371
15.17224
15.01683
15.41176
13.61114
13.55069
13.70753
14.81685
14.53058
14.54533
13.03701
13.74391
13.99701
14.03175
14.19509
14.54275
14.02006
14.37734
14.01581
14.43207
15.41833
14.45691
14.52968
13.27431
14.85308
14.66189
14.45095
14.21822
13.02845
13.38180
15.30794
15.32679
13.44554
14.64376
13.63792
15.24565
14.28959
13.39103
14.06936
14.29531
14.81650
13.44370
15.36491
13.68123
15.26905
13.57330
14.48102
15.28843
14.76813
14.76114
14.49184
14.42935
13.89708
14.99152
14.57937
15.07326
13.09483
13.55501
14.07556
13.07576
14.53311
13.51448
13.39605
13.30968
14.34234
14.69935
14.59399
14.36355
15.11214
13.47919
14.94544
15.33652
14.84033
15.29989
14.63070
14.11737
15.03199
14.70561
13.57696
15.21279
14.46373
13.08856
14.99933
14.06235
15.29907
13.98871
13.53841
13.42290
13.07627
13.13359
14.30875
14.23278
15.15606
14.01432
14.07630
13.94077
13.78104
14.70289
13.86490
14.16531
14.53248
13.03553
13.44276
13.27046
14.12132
14.15002
14.22736
15.28597
14.58280
14.01241
13.90544
13.62749
13.30731
14.03214
14.33660
13.96604
14.60976
14.68670
14.86620
14.94845
15.09561
14.95086
15.00553
13.82445
15.12438
14.64149
13.31573
14.55455
14.92160
13.55138
14.24831
14.62786
15.15383
14.16898
13.65420
15.15811
14.69852
14.15604
13.64551
14.86205
14.45309
13.26600
13.11268
15.23161
14.09270
14.72794
13.22655
14.53666
13.22342
15.24962
15.26851
13.26292
13.56519
14.87207
13.78643
14.01029
15.12988
14.15790
13.37215
13.50946
14.79820
13.53532
13.76216
14.81163
13.12866
14.66425
13.83973
14.86187
13.90077
15.10224
15.38492
14.97808
13.01515
13.51417
13.17411
14.44167
13.78393
14.09968
15.48325
13.39819
13.89437
13.35105
14.07206
13.58513
14.45381
14.83607
15.23240
15.22253
13.24821
14.49505
14.19444
13.77129
13.21396
13.06950
13.91111
14.10109
13.29094
14.90029
13.79479
13.91164
14.03785
15.03282
14.67771
15.11366
14.54156
14.50370
14.20683
14.41184
14.10780
14.17740
15.47633
13.66653
13.82359
13.50674
13.58508
15.09821
13.11686
14.89526
15.01584
14.39660
14.48565
14.12606
14.34233
14.44818
13.78681
14.10460
14.83882
13.08387
13.51081
13.39907
15.49953
13.86367
15.45719
15.48910
13.90462
14.03616
15.40956
15.28646
14.00204
13.21150
14.22328
14.05440
14.91711
13.04035
13.99744
13.28750
14.93432
13.88715
14.10976
14.43879
14.31937
13.33894
13.26769
13.25443
13.00441
14.56169
14.32527
14.38993
14.70092
14.51556
15.44045
15.00192
14.24736
14.16414
14.99119
14.71311
14.96816
14.74843
14.81257
13.40652
14.23545
14.86404
14.99897
15.25401
13.91139
14.26202
13.43105
13.63266
15.04736
15.17597
13.68097
15.43324
14.37439
14.77167
13.61886
15.25027
13.63618
13.49590
15.21097
14.77511
13.34355
13.76106
14.81973
13.15225
14.53431
14.68618
14.41269
13.72222
13.37036
13.65623
13.11732
13.35443
14.25511
14.99611
13.68017
14.89670
14.70876
14.12387
15.37921
14.75548
14.93377
14.30357
14.21919
13.79134
15.02495
13.03124
15.32844
14.51762
14.56684
14.18158
14.11392
14.10985
15.10725
13.45911
14.27067
15.01160
13.32111
13.13316
15.11684
13.66646
13.73539
13.99416
14.08750
13.68734
13.85174
14.89309
13.42087
13.09815
14.58307
15.16687
15.21201
15.23123
13.53947
15.47878
15.07946
13.79264
13.17144
13.84563
13.15008
14.31165
15.11653
14.48917
14.73607
15.34540
14.95587
13.53385
14.43649
14.29985
14.23727
13.64350
13.16860
14.36233
13.22291
15.23885
13.73944
14.12887
13.08614
13.95720
14.65948
15.15037
14.38581
15.13170
14.16051
13.42519
15.47988
13.73286
13.26964
15.26991
13.95319
13.28953
14.68940
13.85096
13.96086
14.44869
14.45999
14.04113
15.35590
13.39556
13.40197
13.85907
15.42006
13.53290
13.82919
14.58233
14.18194
14.20268
14.30437
14.38737
13.85643
13.44355
14.18430
13.79038
13.25612
14.85188
14.94053
14.41656
15.01300
15.18229
13.37755
13.86814
14.41805
13.08600
13.25706
14.39566
14.40232
15.12988
14.17376
14.43514
14.85270
13.34987
13.08456
13.03477
14.38612
14.93339
13.75051
14.68173
15.23883
13.73957
13.54759
14.11595
13.67997
14.88321
14.25819
13.21425
14.89416
13.66163
15.22478
13.29740
13.16399
14.67161
15.10086
15.35217
13.41496
15.23712
14.92679
15.14760
13.19784
15.40332
14.25382
15.31448
13.13620
13.04956
13.29318
13.38881
13.63446
14.28977
14.76767
13.69397
13.19961
13.28110
14.66999
13.97769
14.15984
13.05880
13.90727
13.26784
14.54925
13.54487
15.33724
13.36779
14.01985
15.32090
15.42848
15.20691
14.49211
13.12756
13.05363
13.48489
14.44420
13.02661
14.95271
13.18254
14.11589
14.75056
13.96547
13.21366
13.18480
13.99684
15.33079
13.06666
14.11812
13.60548
13.64448
14.49194
13.61870
14.58229
15.49379
14.58581
13.15064
14.86658
13.08500
15.38084
13.06172
13.34688
13.15959
15.09107
13.62031
13.01409
13.40438
14.51729
13.27682
14.56582
13.17429
15.26353
14.49256
14.72672
13.59276
14.49897
13.28806
14.69512
15.42617
14.77834
13.88592
14.69588
14.85685
13.23131
14.16925
13.61187
14.01281
13.87705
13.40381
13.64273
13.46627
15.06370
14.48746
15.11389
14.54309
15.16496
15.03619
14.86690
14.79915
13.86756
14.78930
15.02325
14.93476
15.09918
13.31678
15.35829
13.56141
15.38568
13.36840
14.02618
13.08243
14.56464
13.42150
15.31821
13.25771
13.60000
15.30864
13.17497
14.12310
13.20729
13.68212
15.20717
14.22547
15.10734
15.21285
14.48672
15.05362
15.27451
14.47680
13.40953
14.97530
14.86291
14.27081
13.86869
14.39031
14.94551
15.49977
14.58628
13.82802
15.03654
15.01619
13.22504
15.27958
13.76888
15.36191
15.31951
14.48409
13.47545
13.02540
15.46693
13.84682
14.54925
14.23000
14.51467
15.27890
15.45245
15.36724
14.32439
13.84337
14.16987
13.74321
14.20998
14.88169
14.53302
14.36941
14.37762
14.00180
14.75118
14.72141
14.04720
14.57761
13.10596
14.66897
14.67557
15.04164
13.62591
13.57598
13.35766
13.90825
14.24083
14.38808
14.65039
15.25375
15.01711
15.32365
13.15772
14.26203
14.96260
13.09238
14.26682
13.81338
14.49104
15.07918
14.89436
14.18625
14.05345
13.45099
15.06270
14.92363
15.45295
15.15072
15.20090
15.04566
13.51898
15.14881
14.05820
14.45990
15.39138
13.71402
13.56753
15.42569
14.01067
13.17443
13.73279
13.77191
14.60327
14.72753
15.27329
15.27994
15.20850
13.29392
14.63263
13.51220
14.11635
13.44693
14.67658
13.61479
13.66074
13.56100
14.91641
13.61008
14.63358
13.62834
13.43180
14.74284
14.99472
13.09799
14.47044
13.42315
14.14637
13.72920
14.77423
15.43537
13.32525
14.77325
13.07191
14.73731
13.44850
15.17764
14.47053
14.54987
14.56937
14.38242
14.49426
13.27732
13.14718
14.11489
15.30598
14.80397
14.18744
13.04207
13.77560
13.11215
13.59318
13.36032
13.40601
13.36280
13.04019
15.11581
14.20487
14.04691
13.65677
15.16009
14.46723
14.56084
13.67803
14.52808
14.26286
15.44936
13.67185
13.44704
13.09486
13.92851
14.13336
15.28679
13.88436
13.06705
14.65362
14.07217
14.26984
13.64085
15.38403
14.06721
13.14554
14.60477
15.28260
13.44771
14.14052
14.30211
14.03803
13.89880
14.11589
14.12196
14.35456
14.05434
14.59360
13.25844
13.23137
14.26180
13.29439
14.27504
13.74937
15.41753
14.90255
13.84890
15.41991
14.94157
15.26586
13.59433
14.79238
15.48350
13.96015
14.52062
14.25875
15.44098
14.69371
15.04339
13.39332
13.12234
14.53835
15.37104
13.35054
15.25064
13.00110
13.74349
14.79191
13.18019
13.82817
15.03865
14.41637
13.19459
14.68803
14.29861
13.74721
14.52751
14.78150
14.41778
13.65003
14.44135
15.49852
14.80401
13.30743
15.38944
13.51167
14.96390
15.21268
13.62614
14.31688
13.85495
13.07657
15.22718
15.00796
14.83206
14.67051
14.74161
15.49494
14.39935
13.50527
14.14572
14.15936
13.86758
13.03453
14.73941
13.65755
13.11312
13.98736
14.91120
15.09173
15.16202
14.74349
15.38293
13.25920
14.23703
14.37472
14.21723
13.79168
13.53885
14.96105
14.01954
14.16309
14.04153
13.14684
15.32033
15.48581
14.73630
13.64406
13.51780
14.76436
13.71405
13.66394
13.10237
15.01446
14.86359
13.11099
13.17929
13.67626
13.56256
14.33006
15.15644
14.21839
13.63491
14.08527
14.19961
13.04327
14.85328
15.18000
14.60680
13.25771
13.38577
13.11409
15.37747
14.81533
13.57171
13.49405
13.36591
14.74711
14.76235
14.93393
14.80078
13.56987
15.21692
14.39910
14.01988
15.43586
14.20698
14.76202
13.99645
14.73284
13.89378
15.04961
15.18829
13.84276
13.60988
13.22450
13.26212
14.88498
14.25455
13.72460
13.89977
13.85853
14.84148
14.89588
14.59848
15.12599
13.12576
14.53402
13.75205
13.97005
15.09990
14.16772
14.49603
14.32991
13.20666
14.99232
14.80127
13.68947
14.54439
14.92723
14.49676
14.56786
14.40859
13.66664
14.07093
14.75494
14.99845
15.23442
13.62224
15.28140
15.13195
13.23766
15.26526
14.81820
13.80402
13.38851
13.31369
15.21839
15.22563
13.64894
15.02990
13.08078
14.92832
13.21041
13.32261
14.38939
14.83878
13.57039
14.43027
15.22142
14.28912
14.11038
13.33354
14.08157
13.42898
13.82803
13.25587
13.27533
13.04060
14.03469
14.52449
14.91548
14.25126
14.02461
14.56759
14.56551
13.26315
14.47087
14.03478
14.86243
15.09439
14.38371
15.16336
13.22394
13.05573
13.90348
13.62073
13.15516
13.90393
13.45212
13.09633
14.24113
14.44948
14.82840
13.74705
15.04466
15.14332
15.04299
15.17001
14.09928
13.93998
13.42971
13.81773
13.39156
13.85361
13.22577
14.01779
15.22176
13.61903
14.89525
13.41216
13.09923
15.39522
13.47739
13.70801
14.40877
14.70870
14.29413
15.43546
14.77640
14.15349
13.03941
15.42724
13.00278
15.16719
15.34871
15.13571
15.04591
13.11378
13.50244
13.80516
13.46748
14.63812
15.20705
13.89280
15.36838
13.45022
14.37559
14.02066
14.24137
13.88220
13.17586
14.66393
14.01057
14.58761
13.10277
13.99757
14.87527
13.13559
14.19884
13.39909
15.38852
13.95061
14.47662
15.46561
13.13349
13.37930
13.98140
14.75741
14.02960
13.42419
13.11325
14.16248
13.71757
13.40702
13.95177
13.75610
14.48857
13.58961
14.62328
13.03253
14.47878
15.27879
14.79048
14.70778
15.11130
13.52242
14.28627
13.91562
15.28459
15.30133
15.32762
14.91055
13.83185
13.84368
14.49473
15.25695
14.60315
15.27064
14.34021
14.21315
13.46868
15.03329
14.96308
14.59290
14.64618
13.95325
13.06614
14.97074
14.17715
13.60954
15.30555
14.05431
14.61785
13.87184
13.51214
13.84471
15.18086
14.41844
13.76932
13.95108
14.22645
14.67952
14.91791
15.32599
14.38125
14.35310
13.91926
14.45560
13.28923
13.17094
15.09698
14.80236
13.17958
13.76247
13.05204
14.21068
15.26634
14.97747
13.02679
15.01546
13.47343
13.84472
13.52723
14.97781
14.30239
14.48665
15.15430
14.13990
14.40868
13.28362
13.13863
14.06703
14.65454
14.17823
14.79647
14.48119
13.30973
14.94297
15.09540
13.43268
14.33698
14.77336
14.28711
15.09604
14.56982
13.53601
13.90333
13.87910
14.87751
14.81619
13.58477
14.80752
13.22006
14.09819
14.15012
13.25060
13.83262
13.91519
13.13549
13.93252
13.23218
14.62536
13.17951
13.58813
13.73782
14.98902
15.30338
13.73737
14.54302
14.83091
14.20081
13.69878
14.20352
14.90653
13.71270
15.45866
14.08220
13.36585
15.13646
13.47666
13.31514
13.02440
15.48831
15.45367
13.56025
14.40024
13.42861
15.47601
14.74699
13.73830
15.34617
13.30215
13.41993
15.06501
14.97961
15.06147
13.75751
14.66219
13.22356
13.64601
13.24693
14.80986
13.89250
14.31371
15.29267
15.25513
13.56608
13.99522
13.28895
14.30539
14.90382
14.67704
15.03867
15.18536
13.20882
14.73553
14.14607
13.64762
13.28549
13.71086
15.46783
13.88347
13.88966
14.48193
14.51741
14.08525
13.70271
14.58556
14.86546
13.02658
13.80477
14.59957
14.64135
14.62319
13.82626
14.02713
14.95010
14.51212
13.92820
14.64303
13.32745
14.14606
13.86475
15.33075
13.15655
15.34691
15.47553
14.75241
13.34491
13.34107
13.93479
15.44895
13.90280
15.33037
13.38451
14.89938
14.80337
14.35083
13.33464
13.92176
15.26827
13.67007
15.22080
13.22139
13.39579
14.37368
13.48220
14.27875
15.02702
13.47300
13.87053
15.44155
14.78661
15.22176
15.23502
14.58705
15.31932
13.91078
15.20385
14.74518
14.22449
14.16876
14.57216
15.11657
14.51576
14.38627
14.23951
13.47133
14.94497
15.45942
14.87789
14.56137
14.61068
13.60994
14.47702
13.17451
15.40146
15.32355
14.76458
13.29922
14.75624
14.72675
14.55356
14.82110
15.37814
13.21939
14.78716
13.43600
15.42274
13.96184
15.18530
13.36188
15.21448
13.63213
13.25514
13.70627
14.46754
13.64403
13.42404
13.88606
14.57159
14.81518
14.83756
13.81453
14.25199
14.88971
14.31236
13.32133
13.30272
14.94013
14.04083
14.15094
13.90324
13.75192
15.05347
13.45237
13.08974
14.42849
14.87557
14.40553
13.11016
13.06081
15.32389
13.60727
14.80308
14.34659
13.39815
14.18901
14.79946
15.16466
13.76233
14.70795
13.42774
15.03178
15.43889
13.99609
14.41680
13.05114
14.41116
13.08338
13.95334
13.74685
15.04897
14.25877
13.59726
13.07930
15.12347
15.06736
13.38223
13.02802
14.06242
14.74717
13.25996
14.92909
14.51504
13.86191
13.70338
13.59114
13.18169
15.33045
13.72661
15.17614
15.19207
15.07399
14.89943
14.09789
14.70064
14.67351
13.68261
14.79681
13.03458
14.62964
14.14385
14.49689
14.58841
14.07383
14.53061
13.66454
14.88339
15.27806
15.46966
14.06138
13.90014
15.27897
14.41641
13.08882
14.09972
14.37773
13.29201
14.29158
14.65311
14.96530
13.08312
14.14241
15.37500
13.91367
13.46107
13.79659
13.04396
15.39507
15.46384
14.35102
13.11975
13.16594
14.99382
13.27709
15.46713
14.68074
14.98727
13.57571
13.43649
14.95030
13.34482
14.46179
15.08926
14.81980
14.53952
15.04989
14.09837
13.25025
13.90265
14.32145
14.95124
13.86612
13.21695
13.35927
13.36647
13.90204
15.05370
13.45834
15.21009
14.87170
13.17056
13.67891
13.11933
14.72561
14.14425
13.97671
15.46497
13.41234
13.04428
13.74110
15.18625
13.17090
13.50245
14.21096
14.87257
13.55438
15.00436
15.36033
15.12230
14.07066
15.36909
14.18284
13.32816
15.29542
13.43639
14.86347
13.74379
15.27749
14.81727
14.89921
14.11155
13.31215
13.82917
15.06997
14.09876
15.24330
14.34342
14.31514
15.33417
14.14712
14.92065
14.67697
13.89463
14.32179
14.25930
15.31543
14.94710
14.14180
14.89086
15.40477
15.37745
13.84302
14.37541
14.80153
15.48631
14.96278
13.63788
14.16947
15.45239
14.62352
13.39176
14.07913
14.95965
13.87481
14.94169
14.41992
13.94203
13.33627
14.34341
13.88274
13.12013
13.76502
13.93006
15.13915
13.19458
14.77446
13.63940
14.14990
13.29642
13.84667
13.68478
14.79561
14.69977
14.06519
15.16933
13.08225
15.12160
14.03126
15.30840
14.42045
14.61051
13.93285
14.92015
14.51181
13.72165
13.84566
14.72177
14.94221
14.71756
14.56522
13.21293
14.60052
13.68441
13.42629
15.28260
13.27723
13.79751
13.76222
15.48099
15.18754
15.46037
14.93734
13.40360
14.46176
14.57629
14.10425
13.14241
13.03362
15.37864
15.27122
14.05981
15.17858
14.48230
13.49005
14.20934
14.86549
13.09327
13.94474
13.24035
13.96751
14.88062
13.73498
14.36721
15.07742
13.43909
14.73144
13.19209
15.48207
14.79535
14.75352
13.18361
15.15561
13.54972
14.66724
13.11120
13.16099
15.08193
13.63600
13.86287
15.13733
13.05001
14.80855
14.27048
13.12070
13.18412
14.81410
14.22543
13.30887
14.54236
14.37958
13.38170
15.32261
13.70427
13.66272
13.97003
13.29007
14.70417
14.53823
13.09638
14.48523
14.90255
15.02578
15.38618
14.37769
15.48570
15.14004
13.65823
14.85183
13.61772
14.21115
14.08522
15.15227
13.79188
14.24064
15.18800
14.13909
13.15782
15.12329
14.46059
14.76637
15.42943
14.66555
13.97320
14.12782
14.15388
13.57807
14.93056
13.54721
13.71369
14.45176
13.22624
15.33444
14.26800
13.44326
15.16431
13.35815
14.58984
14.10656
13.53266
14.30065
13.61822
13.77248
13.34158
14.48191
13.90803
14.64024
13.28270
13.63910
14.00160
15.09482
13.88507
13.30626
14.42282
13.44498
13.35292
15.43379
14.87970
13.96789
15.16978
13.27995
14.58638
14.98118
13.02682
14.12486
13.08913
14.06279
13.50904
14.92883
15.07562
13.74456
14.59219
14.33984
15.08090
13.75900
13.46646
13.72471
14.93733
15.18473
14.50539
14.30685
13.71739
13.87465
15.39025
13.01179
13.24789
15.28324
15.07205
13.43390
13.96196
14.54846
15.17871
14.04044
13.17727
15.23869
14.78890
13.02222
15.07028
14.18351
14.81845
15.04982
14.27851
13.07102
14.08682
15.37429
14.44237
15.10805
13.98739
13.85944
13.57387
14.78754
14.15290
13.53648
13.55106
13.04983
14.47261
14.35788
14.97331
13.90830
14.73297
13.71548
13.43909
15.44016
14.42132
14.34371
13.11557
14.04472
14.53252
13.07147
13.43503
13.20201
14.35045
13.64136
14.77546
13.63374
13.92410
15.11311
14.80199
15.42127
14.31434
14.48293
13.24697
13.73535
13.73707
14.80823
15.38921
13.35772
13.45030
14.21558
13.67941
13.53180
14.86592
14.07666
15.35743
14.35350
14.76601
13.58088
15.23024
14.41651
13.95610
13.59614
15.49082
14.88491
15.22578
15.43229
13.71595
13.23962
14.56279
15.46488
14.30996
13.49210
15.16095
13.38274
15.20336
13.69154
14.08293
14.08655
15.14387
14.15480
14.63296
13.06897
15.00373
14.19810
14.53010
14.54415
14.27830
14.21145
15.06767
13.45021
13.25211
15.42377
14.60471
15.05059
13.91286
13.29831
13.36124
14.58313
14.52412
15.19290
13.28103
14.56842
13.98145
13.17681
13.71984
15.48813
15.15421
14.11398
14.97057
15.30097
13.06789
13.32954
15.26007
13.76912
15.47436
15.18004
14.36525
15.00391
14.53293
15.26628
13.86777
14.70363
14.85841
14.93387
15.02742
14.78327
13.58776
13.15665
14.15355
15.43810
14.94809
14.99913
14.27961
14.92493
14.68064
13.33889
13.50049
15.13641
14.40106
14.30701
13.59481
14.02463
14.29192
14.12895
14.54080
15.46802
14.90483
15.49310
13.31722
13.81558
13.80450
14.34192
13.62782
15.41752
14.14970
15.35195
14.64859
13.35266
14.59473
14.67373
13.41806
13.36187
14.51502
13.19309
13.25712
14.29240
13.65717
15.05889
14.06303
15.21242
15.32861
15.40063
15.40899
15.05369
14.76789
15.44403
13.17461
15.41871
15.43420
15.40131
13.07454
13.16896
14.90907
15.39324
14.71152
14.64166
14.08331
13.48781
14.33833
14.96043
13.15390
14.75026
14.40819
13.96672
14.13690
14.06947
14.10468
14.45173
15.28476
13.48043
14.70069
13.88213
13.76744
13.45726
13.58980
13.04540
13.79673
14.07981
14.71983
14.17328
14.81763
13.10637
14.70530
15.00117
13.37382
14.06124
14.55043
13.76654
14.73410
14.86723
14.37129
15.09829
13.37184
15.06361
14.02072
13.97457
13.67877
14.78841
15.30666
15.30918
15.15261
14.27297
14.97855
15.14084
14.42956
15.16312
14.28025
15.40599
15.20327
14.82476
14.79352
13.09700
14.76135
14.11856
13.80657
13.39348
13.54928
14.93633
14.80056
15.16699
15.13067
14.66893
15.15546
14.45896
13.79820
14.35374
14.67646
14.65979
14.04636
13.23811
13.83625
13.14001
15.12475
14.71834
14.99500
13.57181
15.46263
14.45426
15.18151
13.28254
13.67093
14.95344
15.04697
15.32839
13.26885
13.51883
13.56881
13.55792
14.12032
14.71608
13.98865
14.76152
14.91403
14.17316
15.20748
15.27110
15.26802
13.92010
14.17625
13.64839
13.62383
14.65738
14.34078
14.35447
13.49096
14.62928
13.42739
13.41682
14.38938
14.63527
14.48471
14.77479
14.64286
13.41366
14.51566
13.15439
15.30513
13.58484
14.81266
15.10490
13.64803
15.02925
14.93496
14.54939
14.59783
14.29746
13.35124
13.57166
14.69189
13.07234
13.68078
14.76434
14.98193
15.03136
14.09832
14.06657
14.17418
13.05189
14.24269
13.16230
14.63141
13.53630
14.82964
13.40176
13.82498
15.40658
13.05994
14.37733
14.95675
13.46584
13.67231
13.77048
13.15646
15.21030
13.43550
15.18571
14.91672
14.71385
13.41896
13.56016
13.74812
14.21579
15.16151
13.65851
13.22413
13.43957
15.31102
15.15269
13.44599
15.40432
15.10868
14.35279
14.22870
13.40726
14.36485
14.81704
13.78947
13.98774
14.90850
15.34011
13.31257
14.35667
13.93420
14.28805
13.60902
14.66585
13.62571
13.65387
14.27014
14.24552
13.65550
13.79902
13.59172
13.25811
14.90672
15.05882
14.43168
13.33423
14.62024
15.38296
13.83859
14.47099
14.20037
14.13374
13.22733
15.16872
13.41044
15.02613
15.15976
13.75047
13.86725
14.49532
13.09467
13.04155
14.72954
13.56706
14.28442
13.87260
14.44747
13.17228
13.91363
15.20662
13.31940
13.84022
13.88210
14.47003
13.95574
14.20421
13.65395
13.88631
14.33934
15.25526
13.87733
14.55193
15.11416
14.77632
14.04996
14.50695
13.28546
14.51821
14.79191
15.06893
15.38008
14.17697
14.58009
13.74389
14.40657
14.60790
14.83922
15.45943
14.69003
13.97914
15.38775
14.69433
13.53139
15.31633
14.28817
15.09093
13.66869
14.11899
13.16455
13.23374
15.08033
15.31342
13.90461
13.42711
14.99271
15.41283
13.01869
13.27507
15.48757
15.17147
13.97531
15.43998
15.28459
13.61361
14.12590
13.44563
14.74554
13.14278
13.20349
13.33199
14.29513
15.46717
15.37616
14.51096
14.57168
13.52326
15.03143
15.15838
15.18934
14.88207
14.69348
14.66563
14.79403
13.80666
13.75222
13.60763
14.69033
15.03451
13.01074
13.61331
13.02208
14.20684
14.80921
14.38694
14.56839
13.14389
14.97363
13.63467
14.62339
14.23444
15.39781
14.12601
15.48345
14.82768
15.29639
15.26567
15.06593
15.03028
14.01654
13.01294
14.98613
14.91660
13.67153
13.46159
15.44556
14.29733
14.13195
13.79636
13.85829
13.04984
15.19340
14.53500
13.33057
15.41810
13.45082
13.03600
14.91717
14.14712
14.77160
13.32754
15.43870
14.47369
15.29335
15.45028
15.34006
13.84811
14.08483
15.33062
14.55761
14.40564
14.54917
13.53952
14.48367
14.28869
15.38998
15.23446
14.99261
15.34809
14.87298
14.96305
14.61492
14.57495
14.11158
15.17070
13.79399
13.92009
14.78449
13.45726
14.48243
14.97382
14.41076
14.94447
14.53712
14.79862
15.49980
13.21897
13.62743
14.41004
14.86742
15.13376
13.44150
13.34386
14.14755
13.03995
14.37538
14.66704
14.25339
13.07302
13.87459
15.18680
14.65526
14.13028
14.25215
14.92889
13.64928
15.19986
14.47746
13.49615
13.98848
13.53247
13.67565
14.94314
14.05703
14.08087
14.47684
13.17370
14.25593
13.21762
15.08027
13.24488
14.28953
15.48429
13.94301
15.00029
13.42522
15.12864
14.06745
13.22108
13.11321
15.39696
14.11118
13.72097
14.80066
14.98208
14.52030
13.78708
14.61690
13.58787
15.18284
13.76504
14.67150
14.33765
15.15175
14.25732
13.53104
15.22060
14.65904
13.56373
13.57105
13.25349
14.57850
14.56331
13.40045
13.66087
14.84329
13.28660
13.84453
14.18898
14.65765
14.08852
14.67825
14.25893
14.14710
14.24584
15.35389
13.14163
13.22425
15.13329
14.02483
15.12867
15.47745
14.95208
13.02272
13.03799
14.74576
13.51405
15.26987
14.74677
14.07227
13.96520
15.14324
13.44776
13.45153
15.21564
14.66452
15.18523
13.19030
15.08108
13.99482
15.03694
15.42363
14.45413
14.02409
14.79768
13.83035
13.40113
14.45196
14.84228
15.14207
13.79772
13.86497
13.55041
14.66721
14.83886
14.75399
14.60960
14.60606
14.43054
15.11865
13.88656
13.75570
14.79927
13.42334
14.16682
14.37964
15.14800
14.67493
13.87482
15.18216
14.34541
14.68378
15.35872
14.78795
14.98430
14.05815
13.79579
14.71288
14.81770
14.95084
14.99487
14.84403
13.92896
15.08495
14.22477
13.42136
14.76996
14.97151
13.16198
14.74523
14.08779
14.35716
13.61797
13.38440
13.56199
14.98758
14.63302
13.75185
14.64893
14.68841
15.32325
14.19333
13.07053
13.44303
14.87429
15.03717
15.29413
13.96290
14.49787
14.72873
14.94592
13.11347
13.68203
15.32409
14.09561
13.75164
14.89751
15.13077
13.31072
15.35921
13.09025
14.26108
14.75006
13.98760
14.12244
15.24349
15.02279
15.02317
14.08295
13.07599
14.80268
15.36897
15.04581
13.35950
13.86736
15.36332
13.97786
14.75547
14.83351
15.01367
15.12681
15.12414
14.34657
14.34264
13.37086
14.71752
15.40363
13.63382
15.15271
14.27404
15.39766
15.44490
13.85976
13.35010
13.83836
14.38759
15.17513
13.98664
14.41947
14.44742
13.92529
14.46616
14.01511
13.96911
13.53153
14.06032
13.35472
13.05318
13.68248
13.57689
14.55890
14.73764
14.01918
14.35209
14.05370
15.39066
13.61139
13.26956
15.14372
13.79005
15.04797
13.84488
14.92979
13.59723
13.06983
14.26420
15.31440
15.45297
15.07948
14.03768
14.32148
15.22819
13.92256
14.43932
14.61361
13.66608
15.39126
14.97990
14.02047
14.05303
14.49015
13.18664
14.10889
13.95745
14.87005
14.24455
13.16828
14.34348
14.19691
15.17886
14.23476
14.89156
13.74474
15.09306
13.92737
14.58844
13.65599
13.66513
13.16543
13.95888
14.58394
14.04207
14.81030
14.83955
15.04570
14.10970
13.57442
15.16915
14.84081
13.98565
13.35458
15.33452
14.95672
13.61716
13.34199
15.38542
15.23415
13.59994
13.79543
14.20309
13.61155
15.17875
13.93911
15.45214
13.60118
13.23546
13.65591
15.33493
14.69097
13.78694
14.42261
13.80354
14.77391
13.98888
14.99615
15.44867
14.51414
13.83260
15.22282
15.45446
14.78987
15.25957
14.45421
14.62833
15.11566
15.17984
13.79191
13.11940
13.08139
14.25466
13.19634
13.24351
14.80302
13.99585
14.28919
14.82581
14.29582
15.32230
14.43284
14.14392
13.34855
13.70458
15.05937
15.06917
13.78483
14.60109
14.59413
14.04337
15.37936
15.02678
14.69156
13.06140
14.19167
14.81812
13.80356
14.30804
15.37477
13.15719
14.93400
13.16820
15.22466
14.95797
15.18239
15.24200
13.61929
14.70438
13.75212
14.61562
13.63709
15.48480
13.64619
14.35193
15.48342
14.20192
13.96413
14.78446
14.49034
13.34458
14.00095
14.86700
14.22267
13.05833
14.16589
13.94251
14.90505
14.09713
13.86702
14.63596
14.14757
15.18190
14.77036
13.11569
13.93315
13.11734
14.35872
14.53533
13.08584
14.53410
14.80662
13.92863
15.01089
13.39734
15.19895
13.80665
14.54647
14.70149
13.17045
14.33561
13.39570
13.69671
15.01796
13.63775
13.15966
13.10041
15.47667
13.57980
13.77868
13.02016
14.72968
13.64981
14.89594
13.62139
14.71080
13.21779
13.33700
13.58870
13.59577
14.26976
15.10798
13.23017
13.70549
13.70531
15.30308
15.16062
13.40665
14.55237
13.70157
14.46019
14.98690
15.22816
13.54613
14.35449
15.36972
14.51795
15.04329
14.73397
13.92190
14.30130
14.98389
14.24064
14.38835
13.56995
13.40129
13.86112
13.57131
13.99297
14.40261
15.33704
14.99287
13.58348
13.61261
14.26215
14.42145
13.53573
14.05637
14.65546
13.85385
13.71423
14.91630
14.73880
14.38692
14.83221
15.23868
14.16312
14.98655
15.37180
14.96563
15.43378
14.08037
14.33536
15.17133
13.39802
14.04975
13.94310
15.28921
13.25563
13.64275
13.31382
13.08797
13.48653
14.66796
13.63798
15.23221
14.77286
15.24575
14.72063
15.47317
13.00119
13.95799
14.38069
13.83090
15.41698
15.27892
14.73378
13.00945
15.17500
13.28259
14.94117
13.72490
14.95858
15.31681
14.72584
13.62729
13.80574
15.49188
14.78072
14.48301
13.25564
14.67705
13.98576
13.18618
13.48497
13.92392
15.03962
13.03391
14.32881
13.59377
14.68687
13.21313
14.63196
15.05448
15.33645
13.93509
15.18090
14.12779
14.12690
14.76881
14.33169
14.67313
14.52521
14.92955
13.34522
13.94518
13.85013
14.40768
15.34351
14.48020
14.36198
14.74647
13.73210
14.01267
13.09166
13.30042
15.28733
14.08689
13.86974
13.00054
15.30456
14.39503
14.79488
14.74758
13.01011
14.53135
13.21715
15.13381
15.34187
14.95523
13.93094
15.04888
13.22341
14.97645
13.45309
15.03562
15.30119
14.00077
14.88128
14.17871
15.08332
14.53590
14.93115
13.56317
13.57751
15.13705
15.19572
13.38088
14.13673
15.32000
13.57675
13.30445
14.63108
15.06195
13.80614
15.43457
13.31711
15.30893
14.54378
13.42827
14.71112
13.63504
14.21797
14.65149
14.79997
14.92536
15.04521
13.85058
13.24019
13.92651
13.33873
14.72953
13.12546
15.40838
14.44300
13.99088
15.09225
13.75403
14.97121
13.91225
13.93845
14.07211
14.60520
13.37553
15.04436
14.46479
13.93423
13.91570
13.79668
13.82705
14.89640
15.06672
14.81422
14.14477
14.21200
13.25388
13.01067
14.97849
14.37655
14.46821
13.96413
14.60806
13.57211
13.78730
14.52487
15.38601
15.41943
13.16216
13.77667
13.98600
14.67988
13.30935
14.59856
14.46657
13.15885
13.34035
14.54722
13.10945
14.66603
14.17286
13.00015
14.22810
14.09672
14.73340
13.09793
13.00549
13.43661
15.20194
13.77355
13.95913
13.89337
14.31394
14.19214
13.81041
14.14170
14.80494
15.41541
13.98386
14.01839
14.54204
13.87459
14.37127
13.63920
14.24123
13.08403
14.99708
13.25281
13.00582
15.35583
15.12080
13.56876
14.63254
14.68439
13.48670
13.30516
15.29685
15.41291
15.02225
13.72194
15.30139
13.21852
14.27151
15.35328
14.39074
13.66760
14.01330
13.11016
14.50775
15.32922
13.65843
15.31688
14.43849
15.07114
14.84667
13.60157
13.83876
13.61126
14.97086
13.49715
14.86147
14.83336
13.79729
14.40949
14.00504
14.43174
15.12621
13.49519
13.25472
14.54962
15.12479
15.03423
13.33559
13.34984
15.23794
13.20775
15.49974
14.10800
14.70106
14.36872
13.14853
13.60849
14.42579
14.80627
14.33313
14.50075
14.57089
13.81753
15.12209
13.44200
15.17875
13.52181
14.84800
13.69120
15.26329
15.33406
13.52254
15.04542
14.29231
14.05333
15.38938
14.63499
14.29167
13.35365
15.39104
13.75020
13.78369
14.64183
13.41272
14.58713
14.39337
15.18328
14.48207
13.01328
14.11094
13.64502
13.23169
15.01846
14.04596
13.71733
14.59054
13.72353
14.22349
14.57118
15.26359
14.65999
14.52536
13.48311
13.77545
13.17748
13.81887
13.70506
13.07383
14.14800
15.02259
14.16432
13.69884
14.15746
14.00606
15.04738
15.16341
13.21509
13.90481
14.56738
14.52589
14.95813
13.66037
14.29558
14.06120
14.34268
14.02007
14.42335
13.01113
14.93870
13.88282
15.23235
14.58499
14.05478
14.40115
13.70730
15.10563
15.45318
13.51713
15.04256
13.59515
14.52941
13.87646
13.74057
15.01529
14.45919
14.80517
14.63198
13.82268
15.10900
14.25513
13.38030
14.89487
15.16333
13.75468
13.29457
13.81142
14.15331
14.56075
15.31732
14.34358
14.56287
15.32141
13.36214
14.38085
14.63338
14.41279
14.11715
13.36649
15.40488
13.32787
13.96390
15.48996
13.76189
14.50104
14.28983
13.94464
14.13062
15.04045
13.68847
15.19796
14.89824
13.47381
13.50251
14.90387
13.45620
14.18550
13.46072
15.25699
14.35821
14.29900
13.92956
14.35978
15.49912
14.48765
14.87138
14.95451
15.29755
15.24130
14.83563
13.84817
14.41946
14.71994
14.59230
14.86981
13.78408
14.61449
15.47865
13.99051
14.06192
14.12470
13.48247
13.90328
15.27023
14.80606
15.43859
13.45500
13.05804
14.22252
13.86133
15.39495
13.56455
14.82479
15.43149
14.02392
14.28073
13.65235
13.14759
13.93641
14.31280
14.62664
15.08886
14.38415
14.66747
13.32418
13.11466
15.07960
13.51272
14.52960
15.43919
15.36864
15.36264
15.17111
15.21443
13.12325
15.11367
13.26702
14.78737
14.34043
14.02252
14.16093
15.07648
13.27001
14.18399
14.06688
14.94651
13.86375
14.64376
15.37791
13.77845
13.81545
13.51965
14.57427
15.12537
14.28254
13.83170
14.65137
15.27995
13.13315
13.05777
13.92689
13.61219
15.05024
15.03393
14.16093
13.65587
13.31775
14.05185
15.23238
13.98405
15.31287
13.36407
13.88617
14.27892
13.80193
15.33385
13.37620
14.05011
15.12513
14.32926
13.66443
13.45762
15.20920
14.66028
15.01114
15.46850
14.21494
14.23749
13.44933
13.54045
14.06107
14.08567
14.40115
13.98508
13.51059
13.48512
15.30191
15.06603
13.93527
14.83339
15.14999
13.83683
13.53824
13.12451
14.03994
13.31576
15.27515
14.81447
13.98480
13.57289
13.10653
14.11915
15.45160
13.03716
13.32383
13.32605
14.46442
14.04093
14.79565
13.27677
14.20448
15.37944
14.07660
13.76973
14.36792
14.45167
13.29989
14.33783
13.00101
13.93135
14.17868
15.37613
14.47151
14.78921
14.59498
13.17148
13.87944
13.83698
14.36061
14.65456
13.30714
14.76911
14.94123
14.52178
15.27269
13.20187
13.65822
13.99299
13.00902
13.87386
15.10535
15.43568
14.22861
15.23590
13.20253
13.05304
14.28682
14.48693
14.92968
15.37996
15.06602
15.05481
14.58956
13.09517
13.16926
14.99066
15.14142
15.14123
13.74730
15.31150
13.58274
15.40711
15.26124
14.22679
15.36405
14.42331
13.21844
15.04118
14.11677
14.26962
13.97133
13.49532
13.28451
13.07138
13.20115
14.60007
13.05752
14.45077
15.35527
13.32987
15.15194
14.83066
14.11727
13.39862
14.89750
14.66784
14.55487
13.96234
13.38783
13.32232
14.55075
15.33920
13.26999
13.28697
13.63393
14.28463
15.07988
14.88293
14.43951
13.42909
15.18466
14.12757
13.88387
14.69491
15.06546
14.47672
13.81783
14.66256
13.64273
13.15053
15.14409
13.78874
15.24481
13.73093
15.38219
13.73528
14.86814
15.24553
14.59029
14.83230
13.16239
13.43381
14.12118
14.10755
14.40625
14.27459
14.74054
14.16883
14.69690
13.71273
14.89981
14.58250
13.87642
13.17558
13.02174
14.85828
15.42276
13.00995
14.92234
14.14178
14.35347
14.26401
14.94044
13.20480
13.77640
15.39223
14.67399
13.45637
14.77639
13.50385
13.73663
13.93760
13.01819
13.55785
14.93954
15.33570
14.11630
15.07462
13.06220
13.99413
13.52056
15.07102
13.41426
14.72294
14.85686
15.01001
15.36144
13.18969
14.95426
14.89535
14.09156
14.13170
14.81481
14.93200
13.24028
13.48780
13.04135
14.84764
15.01028
14.41574
13.80545
14.32334
13.55685
13.82861
14.77629
13.63687
13.12198
13.56390
13.59456
15.46069
14.53585
13.60580
13.57609
13.26358
14.81113
13.32021
13.20857
15.40313
13.10844
15.17274
13.61442
14.61283
14.77208
13.26469
13.67966
13.76830
15.28744
15.42512
15.48617
14.18912
14.34835
14.42730
13.01666
13.31399
13.52757
14.73858
14.77721
14.01789
15.37056
14.19011
14.63496
14.05299
14.12230
15.47126
14.53802
14.86043
14.85923
14.18301
14.89437
13.18546
14.80303
14.86319
13.21378
15.42623
15.41112
13.50917
15.23067
13.88962
14.93415
13.52257
14.24311
15.16467
13.61533
14.84732
13.93120
13.76298
14.24123
14.41501
14.18804
13.48476
15.18169
14.53610
14.75759
13.76515
13.82171
15.00316
13.43098
13.86741
13.89439
13.47131
13.81256
15.24719
14.58674
13.64235
13.40396
14.80440
15.12664
13.05340
14.53473
14.74456
13.45870
13.77940
13.80395
13.13137
13.33776
15.36587
13.11390
14.56993
13.72389
13.91367
13.37610
14.34842
13.60559
13.46721
15.43346
13.74845
13.08590
14.27957
14.80684
14.89697
13.43312
14.66759
15.15182
14.44035
14.23542
13.90939
14.95136
15.20495
14.98183
15.34925
14.63589
13.68479
14.94054
13.57864
13.78895
14.90106
14.16846
15.44707
14.41216
13.99649
15.15729
14.25460
14.16343
15.26517
14.68199
13.45772
15.17209
15.27229
14.47562
15.35410
13.96059
15.14184
14.49202
13.44120
14.86742
14.35882
14.09369
13.98531
14.84444
14.99607
14.60527
15.34677
13.58875
15.49369
14.01384
13.18500
14.57388
13.01671
15.32338
13.98642
14.42883
13.91884
14.13750
14.58141
15.29065
14.73652
15.34655
15.35030
13.09412
14.20225
15.23287
14.55680
13.53075
14.38647
14.82631
14.17675
14.67726
15.11093
15.16759
15.42514
14.47592
13.71177
14.30388
13.35935
14.69259
15.26198
13.10983
15.02018
14.83489
14.80919
14.24086
14.89142
13.33512
15.36630
15.41769
13.58996
15.33441
14.70347
13.31803
14.94385
14.86171
14.26915
15.28631
14.99245
13.03154
15.43787
13.08469
14.82042
14.64984
15.42332
14.42253
14.73820
15.06563
13.07054
15.08648
13.66181
14.94779
13.07019
14.43206
14.17368
14.54946
14.33691
15.27646
14.61627
15.27308
13.28026
13.87476
14.04870
14.68653
13.42049
13.96877
14.06284
13.67143
14.62508
14.70086
14.99964
13.74885
14.00388
13.02284
14.23850
14.58480
14.34115
13.83123
13.25299
13.45341
13.08277
15.44372
13.39671
15.22924
14.85978
13.27572
13.22401
14.69192
14.97980
13.45710
14.35516
14.22428
13.70669
14.33633
15.45394
14.22335
14.70703
14.62410
14.48370
14.78400
14.45750
15.14567
13.50308
14.53912
13.44092
14.41881
14.86345
14.95164
15.45403
13.67317
14.48980
13.93304
13.99566
13.91225
13.69390
14.58901
13.62324
15.17696
15.38455
13.10398
13.82880
14.49905
15.43450
14.63993
13.39969
15.38650
13.04015
14.80732
15.24196
14.02453
13.60517
13.31500
13.73283
14.34179
13.69985
14.93799
14.88016
14.49768
13.52257
14.28565
14.01418
14.87278
15.38592
13.04029
14.01897
14.69100
15.06399
14.80180
15.03799
14.36842
14.16430
15.05544
15.35861
13.77580
13.13077
13.20941
13.92480
14.35394
14.37479
13.47743
13.85831
13.40487
13.49164
14.00833
15.38174
15.49667
14.17914
13.65236
14.05058
13.96918
13.90455
15.12980
13.10186
14.67439
13.41909
14.81809
14.03007
13.57680
13.86047
15.03309
15.26502
13.38623
13.04843
14.16644
14.52121
13.51227
13.63146
15.10110
13.49668
15.26081
15.20561
14.02444
14.38862
14.91406
14.48646
15.49337
15.23777
15.48105
14.97096
14.18605
15.37294
13.99807
13.74033
14.77393
15.01435
15.07699
13.98416
14.63956
14.46305
13.80247
14.42600
15.33760
14.28289
14.82105
14.25222
15.48047
14.10729
14.74767
14.94636
14.43967
15.16533
14.00598
15.15709
15.39913
14.83658
14.56157
14.32568
13.06698
14.05942
15.41042
13.61039
14.43209
13.71063
15.07988
13.28277
14.12181
13.82887
13.56185
14.96388
13.84998
14.36700
14.08268
13.75034
15.23563
15.30284
14.07703
14.75179
14.28913
14.10522
15.02787
14.33179
15.30704
14.76066
13.99188
14.71694
14.29221
13.60393
14.72497
13.98071
14.79091
13.03237
13.56687
13.33088
13.05887
13.15726
13.51843
15.02555
13.59676
13.04020
13.48701
14.35258
15.45627
14.40045
14.80505
13.17037
15.05716
14.25698
14.69342
14.03547
14.01397
13.29314
14.36874
14.04357
14.55956
13.68626
14.25352
15.09275
14.81490
14.36270
13.42188
14.31223
14.58510
13.40658
14.85375
14.35234
14.60435
15.26577
13.95284
13.91767
13.00699
15.42129
14.06836
13.19408
14.20946
14.65914
13.35503
15.29999
15.18422
15.37351
14.53987
15.25517
13.12444
14.74897
13.13675
14.53480
13.49675
14.98541
14.08808
13.83773
14.23959
14.99000
13.53102
14.20131
13.69946
15.07915
14.24211
14.29891
15.22086
14.58492
14.90070
15.16224
14.65822
15.15775
14.66362
13.36316
13.09573
15.47876
14.81879
13.63248
15.33586
14.94635
13.17680
14.41739
13.28642
14.07345
15.37349
14.42963
14.48969
14.43581
15.04881
14.35488
14.74393
15.10495
14.05811
13.65558
15.22993
15.45699
13.08957
15.09249
14.82113
15.46199
13.14664
14.95064
15.27214
15.22189
14.40399
13.28728
15.40156
14.42775
14.70639
14.95092
15.04239
14.78817
13.23975
15.49938
13.19026
14.55658
14.14399
14.17577
14.11076
13.42918
13.78130
14.80671
15.43019
13.21586
13.35773
15.41758
13.64141
13.11315
15.32950
15.22494
14.26733
14.49524
14.20181
15.46266
15.30244
13.64750
14.68307
14.56126
14.89996
14.20132
13.75381
15.39001
14.30426
13.08952
14.02354
15.04244
15.05914
13.01758
15.39747
13.93821
14.65433
13.17057
14.52160
14.59891
15.33329
14.39991
14.48320
14.48581
14.34498
13.09413
15.22317
13.92611
13.20842
13.65441
14.58041
14.27194
14.30774
13.55714
13.02131
13.38256
13.78873
14.52787
13.38436
14.84698
13.45534
13.58344
14.27891
13.05331
13.95528
14.13977
14.82560
15.41997
13.10941
14.72753
15.35894
14.05826
14.84797
14.35919
14.42389
15.03309
13.54774
13.89885
13.67029
13.80061
14.61373
15.25310
13.98972
14.50588
13.19763
15.48755
13.89225
13.72010
13.83780
14.91715
14.76248
14.83966
13.39611
14.40089
14.82547
13.93413
15.42479
14.41728
15.45142
15.34765
13.12481
15.19316
14.18631
13.17903
15.49813
15.29579
13.36398
13.44212
14.86519
15.23498
14.56346
14.79311
14.37774
13.55812
14.12822
13.93798
15.23514
14.60649
14.56259
13.72673
14.75666
15.29843
15.22567
13.11446
14.88486
13.12144
15.27895
14.86251
13.59314
14.50859
15.40853
15.20532
15.45868
13.21787
15.39595
14.98824
13.67604
13.14136
13.98984
15.15835
14.27529
13.42062
13.13653
14.33780
14.13465
14.63552
13.94056
15.00062
13.26019
14.91673
14.18892
14.55344
13.34955
13.11986
14.39284
14.68217
14.96703
13.23823
13.96648
15.02094
13.00394
14.96171
14.44265
14.16717
14.44693
13.35799
14.81091
13.72954
13.51042
13.52592
14.42000
13.85196
13.92984
13.06218
13.51339
15.36671
13.95483
13.27878
15.18869
14.02410
13.80185
14.57525
13.86216
14.83685
14.77986
13.50992
14.25866
13.51030
14.76689
15.07180
14.94369
13.76806
13.03936
13.75418
15.04313
15.37850
14.20396
14.44740
13.64111
15.36449
14.76750
13.00002
13.77804
15.33967
13.02605
14.76648
15.17091
13.84297
14.91937
13.51790
14.79177
13.63515
15.14271
15.47091
14.48483
14.20682
13.06433
15.24652
13.75903
14.87103
14.09317
14.49120
14.37498
14.45364
15.06488
14.46720
13.70672
13.55887
14.76237
15.47490
14.65349
15.27641
14.96250
14.56925
14.46538
13.17284
14.65626
15.38887
14.28212
14.39427
14.80650
14.45446
15.48898
13.25720
15.20638
15.32557
15.03166
13.54761
14.78460
15.44156
13.55595
13.98670
13.75878
13.04466
15.49881
14.15445
13.63949
14.31479
13.99574
13.68976
13.18735
14.77003
14.68678
14.80423
15.36179
13.27860
14.86151
14.78852
14.12033
14.13948
13.66393
13.67716
14.52432
15.27952
13.12794
13.48004
13.19370
13.51305
14.08373
13.30437
13.56474
13.76208
15.41481
14.33309
14.79360
14.77865
15.23331
15.13668
14.21501
13.59988
13.20386
14.37447
14.28561
14.16618
13.36456
15.43878
13.46616
14.97083
13.45159
14.27487
13.75714
15.29930
14.47743
14.52687
15.13670
14.09969
15.12232
13.22725
13.93816
13.06952
13.43115
13.98412
15.38972
13.71319
14.58800
13.19063
13.80335
13.55261
13.86699
14.07797
13.05435
14.79297
13.66047
13.77457
15.34996
14.67640
13.85346
15.30297
14.34188
13.86201
14.64736
14.13218
14.06095
15.30066
15.03192
13.53214
14.02790
14.72761
14.24546
13.22551
14.94414
15.19497
14.73811
13.97362
13.10404
14.15790
13.92083
14.36523
15.40032
15.19406
13.34043
15.05489
13.62636
14.75809
13.07147
13.64704
13.65530
13.38233
14.05360
15.15472
13.77166
14.33213
14.46024
14.82231
13.71669
14.35043
13.34212
13.85418
14.21536
14.38036
15.28181
14.52212
15.18693
13.62795
15.29858
14.00224
14.05725
14.03401
14.38691
14.73174
15.28570
15.00733
13.10668
14.31323
13.32675
15.44777
14.72078
13.27939
15.03306
14.37684
13.58642
15.17256
14.24393
14.79493
14.32356
14.14097
13.00068
13.35663
14.47350
13.60767
14.59937
14.48188
14.43269
13.46471
14.06699
13.03997
14.18882
14.88729
15.28592
14.49654
13.78683
13.40688
13.12278
14.73943
14.40195
13.97592
13.57495
13.23856
15.33424
13.13397
14.95918
14.55336
15.49194
14.09362
14.70740
15.21388
15.01343
14.56936
13.58965
14.00602
15.17273
13.66753
14.33537
14.67107
15.41896
14.47615
13.38181
13.72945
14.38587
13.97930
14.56827
14.63531
15.36510
14.24978
15.21431
15.43573
14.86268
13.83584
14.55041
13.29883
15.44146
13.41228
14.57931
13.27821
13.35597
13.78748
13.26161
14.98237
14.02652
13.91600
15.06740
15.08966
13.09416
13.66377
14.78871
15.19700
15.43669
13.65071
13.23118
15.32587
13.17967
13.97607
14.15374
13.50105
13.58591
14.74797
14.28569
14.50598
13.35608
14.63352
14.19071
14.54911
14.05621
13.00409
15.32994
13.92353
15.45437
13.63501
13.91654
13.42134
15.09901
13.16122
13.42711
13.55841
14.34771
15.36639
14.39527
13.23702
13.60582
14.77680
15.07798
14.02064
13.26878
13.10886
13.51136
13.29791
14.23845
15.17459
14.63163
13.19474
14.69155
14.84764
13.60258
15.47756
13.70440
13.67436
14.85308
15.00616
15.27171
15.36555
13.86774
14.77878
15.19754
14.01638
15.42780
14.72961
15.10895
14.75671
13.18807
14.62012
14.10083
14.39557
14.61473
14.63230
15.12644
15.24373
15.03344
14.06775
13.44552
15.38209
14.43711
13.96075
15.42289
15.18045
14.43912
13.50448
13.49500
13.16586
14.90824
13.20742
14.26244
13.21728
14.99178
15.46974
15.23485
13.59262
14.73219
13.41483
13.79192
14.40189
14.64359
13.85324
13.08940
14.65364
13.94971
15.42407
13.63575
13.13060
13.27098
15.27126
14.35214
15.46722
15.08357
14.49124
13.51462
13.62136
15.33055
13.09189
13.05989
13.27522
14.60088
13.01379
13.02676
14.82150
14.43649
14.79086
14.88474
13.57952
13.81976
15.37575
14.09758
14.08437
13.44525
14.69464
13.41403
14.45769
14.72610
14.52132
13.55028
13.37329
15.00035
14.54229
14.22167
13.34202
14.81990
15.42577
13.25675
14.10515
15.46093
13.92184
14.53117
15.39065
15.18000
15.06895
14.26377
14.77440
14.25305
14.42226
14.82106
13.82100
14.94560
14.80621
13.14989
15.03606
13.98646
13.90980
13.60598
14.09930
13.28406
13.85066
15.15242
14.77783
13.52920
14.66651
13.27145
14.19967
13.71250
15.46815
13.49323
14.73725
14.18944
13.68542
14.09474
13.88232
13.46143
15.04475
14.52559
13.79346
13.61443
14.20171
13.03532
15.36119
13.03000
14.40582
13.65131
14.21340
15.08635
13.30549
13.02348
14.86777
13.71841
14.27168
14.28394
15.10360
13.04449
15.30529
15.10239
14.20262
14.38573
15.11709
14.17916
13.75345
13.99953
15.45630
13.63685
14.07430
15.07273
14.89761
15.31960
13.88532
13.47249
14.19003
14.84583
13.60896
13.80426
14.84284
14.32759
14.89235
14.55482
14.76165
15.10707
14.76769
15.21125
15.00912
13.98255
14.49703
14.41181
14.43976
15.32680
13.78447
13.33578
15.43875
13.63206
14.31579
13.13572
13.69722
13.39775
13.72426
13.44636
14.49071
14.30783
14.78009
13.20402
13.20328
14.79049
13.33917
13.79460
13.50581
14.05216
14.35396
14.89899
15.47899
15.35626
14.04046
13.08015
13.07498
15.20438
14.77926
15.18118
14.53388
14.44457
13.12450
15.47887
14.22437
13.51923
14.55179
15.00406
15.06486
15.36279
13.23469
15.25054
13.59040
13.71616
14.04814
14.33851
13.93392
15.15250
14.56205
14.47611
14.69581
15.32822
13.88285
13.12487
15.44507
14.29112
14.92972
13.16010
15.40237
13.84294
14.46956
13.95987
13.38310
13.51069
13.94801
15.48784
14.54489
14.11139
15.28188
14.94540
13.98329
14.47651
13.01307
14.58964
14.49045
13.53583
13.99453
14.37236
13.63891
15.42885
14.35194
14.08687
14.72418
13.63926
15.16752
13.43212
13.19281
14.31970
13.43023
15.42372
14.10381
13.47500
14.07726
14.66545
14.79653
13.50943
14.18493
15.43395
15.10057
13.08150
14.63140
15.15524
15.02116
15.33835
14.08175
13.19795
14.69515
13.07348
15.43786
13.97352
15.01826
13.79381
13.37006
14.72632
14.65832
13.33129
15.19437
13.09011
13.75067
14.72649
14.81446
15.04571
14.76472
14.19553
13.34379
14.97797
13.40263
13.27676
14.88766
13.90181
13.76491
13.83398
15.32138
14.56289
13.65217
15.11303
13.78155
13.20662
15.47984
14.73416
13.36548
14.24005
13.40863
13.92610
13.48208
13.97329
14.85857
15.07133
14.23665
15.42378
14.22750
13.62493
15.19426
13.67881
15.10332
13.29019
14.02251
14.36586
13.14086
13.06987
15.33586
15.01730
13.79064
15.11791
14.97077
14.22153
13.20609
15.25362
13.24035
15.35216
13.96256
14.10802
15.39529
15.44806
14.61249
13.31041
13.14948
15.40586
15.24867
13.01096
13.03041
14.75583
14.95678
14.97432
14.94986
13.96962
13.81383
13.91378
13.28853
14.25238
14.98350
15.37991
15.38625
13.71849
14.26029
14.06324
14.09153
13.02834
13.13631
13.99407
15.36522
15.14429
14.00524
14.83634
14.63485
14.57078
13.15091
15.40432
14.91480
15.41885
13.48004
13.87516
14.06283
13.80196
15.38747
14.68081
13.18209
13.82595
13.06335
14.78655
14.97144
14.05826
14.31628
15.00953
13.03867
13.69163
14.63672
14.12292
14.91696
15.38637
14.19058
13.31177
15.32362
14.00769
14.49314
13.03711
13.28253
14.53244
14.55897
13.14129
15.31142
15.40483
14.51262
13.07570
14.73567
15.42816
15.06912
13.19478
13.14867
13.21067
13.54764
14.38529
15.29236
14.59457
13.98427
14.95992
14.11882
15.22388
14.12728
13.99608
14.63047
14.79904
15.25915
15.47948
13.59689
13.70988
15.44130
14.36329
14.70905
15.44270
14.21560
14.15395
14.49187
15.15306
14.24023
13.12519
14.82444
13.46620
13.96863
13.46196
13.32689
14.28162
13.55999
13.35631
13.94258
15.11048
13.12343
14.82968
14.06433
13.19043
13.67244
13.29685
14.30187
14.23251
14.68855
15.45020
14.45968
13.72533
14.16716
14.53409
14.64941
14.85585
15.32698
13.17736
14.35330
14.39142
14.19742
14.66838
13.85823
15.14402
13.28505
15.00016
15.01855
13.74103
13.31823
15.19346
14.81823
14.54561
13.04302
13.02449
13.76825
13.04540
14.74198
14.45258
14.68979
15.07271
14.80642
14.30823
14.63759
15.33104
13.90748
13.47729
13.47115
13.92957
14.26864
14.00250
15.37492
14.03993
14.54138
14.61950
14.23594
14.02702
14.64190
14.23097
14.78245
13.26123
13.40219
13.55242
14.36817
13.71994
14.44140
13.30618
14.84024
13.65908
13.46905
13.32143
14.54627
13.16464
14.13030
15.36984
13.23689
13.41201
15.42618
14.38573
15.10662
15.03776
14.72138
14.08526
13.17553
13.15536
13.46055
14.12497
15.47167
13.45154
14.29302
13.65190
14.50641
13.26327
13.94574
13.75371
14.86834
14.74368
13.26506
14.16859
13.33725
14.28996
13.96490
14.00371
14.23549
14.18492
13.92057
14.30090
15.05467
14.22434
13.98787
14.35039
13.51553
14.08338
14.39486
13.44094
13.85389
14.28522
15.19044
15.27380
14.05656
14.20933
14.66204
13.10864
15.29861
14.77871
13.75994
14.47718
13.34815
15.41125
14.01325
15.09316
13.61115
14.79422
13.80292
13.29629
13.19790
14.37391
13.62368
14.63359
15.44812
14.69368
14.64998
14.35183
14.26573
14.64670
14.77136
13.87387
14.59339
14.38023
14.14144
13.63137
13.06387
15.21755
14.04092
13.61728
13.62910
15.45129
13.00429
13.28578
13.52088
14.94251
15.04499
13.20023
13.64307
14.62799
15.11079
14.32108
14.68598
13.14279
13.63728
13.02255
14.19579
13.60390
14.78924
13.30406
15.19382
14.87656
14.96052
15.00799
13.53807
15.41145
13.33321
14.48866
14.06039
13.11669
15.42046
14.55200
13.52460
15.25735
15.49285
13.71739
15.04687
13.54043
14.35669
13.81282
14.89322
13.01162
13.24526
14.41189
13.60878
13.12405
13.92922
13.95747
13.98094
13.77338
15.00848
14.79755
13.38094
13.63817
15.28003
14.42985
14.66542
15.32972
14.06593
14.27322
15.32361
13.88487
13.76862
13.19809
14.37352
14.77222
15.15472
15.22432
14.99962
13.01423
13.39835
14.94046
14.65641
13.69003
13.93555
14.30679
13.80589
13.14247
14.97602
13.15609
14.21967
14.66778
13.52030
13.07720
15.41447
13.53720
14.81787
13.49968
13.09253
14.48797
14.83181
13.24093
13.69573
14.22649
14.06300
15.32967
15.23632
13.43324
13.99620
14.84823
13.70262
15.12175
13.62508
14.59375
13.89518
14.52120
14.40456
13.49509
13.24577
13.80323
13.43926
14.77528
13.49165
14.62505
15.48586
13.03839
14.39825
13.07111
14.64478
13.28548
14.70476
15.22596
14.54667
14.97015
15.02663
13.31871
13.84499
13.84227
15.19022
14.91839
14.33588
14.65718
13.19473
13.65804
13.08874
13.33797
14.97468
14.02090
15.22662
14.70576
14.48940
15.12964
15.42380
14.47206
13.20629
15.42473
13.99489
13.39710
15.44251
13.57434
14.05634
13.76395
14.47111
15.03784
14.69533
13.69781
14.37770
14.94737
15.27474
14.69942
15.44487
15.38071
13.35960
13.80154
15.33454
14.26757
13.55374
13.22400
15.05242
13.81465
13.97187
14.73856
14.02930
13.11750
15.30060
15.49750
14.62473
13.85417
13.41358
15.02858
14.59336
15.10083
14.28953
13.41966
14.80185
13.74259
13.15184
13.93962
15.10195
14.70473
13.60311
13.82033
13.30199
13.98290
14.39800
13.18082
14.75791
14.79005
13.90217
14.53987
15.31064
15.38987
13.63891
14.33263
13.42737
14.74965
15.26857
14.91269
13.56095
15.49615
13.87824
15.30996
14.84119
14.54622
14.45133
13.75577
13.64523
14.66544
13.20748
13.07082
14.20082
14.54761
13.83814
14.86882
15.01843
13.31854
13.23513
13.70288
13.29055
13.51120
15.43097
15.37422
14.84277
14.65041
13.45592
15.04099
14.33217
13.52639
13.78158
15.01072
14.78373
13.65785
14.03877
14.12549
14.91959
14.05698
15.19538
13.43505
15.30888
15.47856
15.46507
13.91668
14.35454
14.31038
14.44539
13.29501
13.72411
13.34614
13.33956
14.76302
13.93005
15.35535
13.14943
15.24316
13.79752
13.86412
14.06478
14.20270
15.17016
14.71123
13.24060
15.31864
14.69316
13.98053
14.99144
14.82983
14.86058
14.22905
15.20212
14.95477
14.08993
14.04798
14.01447
15.13703
15.32860
15.01572
13.57171
15.31759
14.60330
14.48970
15.42531
13.29024
14.08831
14.77582
15.35235
13.09361
13.57605
13.41137
14.30161
14.10831
15.01883
14.21252
13.50569
13.36974
14.97003
14.44370
13.69918
14.51361
14.65412
13.77413
15.49227
14.62550
14.08730
14.23920
13.94402
15.41084
14.26814
15.14576
13.51024
15.10202
15.06438
13.03384
13.01729
14.19941
15.20673
14.16034
15.17820
13.97210
13.39736
14.11446
14.23191
14.17266
15.28238
13.51946
13.43555
14.20446
15.49105
13.07889
13.44512
14.10517
15.25757
15.25058
14.50948
14.21894
14.24264
13.49770
13.54325
14.01634
14.74209
14.30962
13.34501
15.21282
13.08074
14.37090
15.22294
15.41816
14.12097
13.05906
13.00995
14.69586
13.17169
13.90024
13.19880
15.06336
14.20354
13.66078
14.97546
14.49207
13.51511
14.74321
14.96779
15.12061
14.68150
14.77425
13.43436
13.18656
13.32308
14.51861
14.05617
13.77029
14.10269
14.02745
13.02613
14.23547
13.46456
15.08671
14.74858
15.00442
15.38228
14.80559
13.03928
15.17302
15.18441
14.52976
13.08837
13.57759
13.96728
14.60642
14.49080
15.08586
14.17248
14.11214
13.27256
13.32577
15.00262
14.28234
15.09032
14.77875
14.70131
15.40223
13.92663
15.29517
14.61882
15.17617
14.10950
13.34670
13.76088
13.29932
13.45161
13.34742
14.62735
13.39063
14.50266
15.03608
13.94918
14.46332
13.29829
14.09715
13.10700
13.47139
13.81823
13.63708
15.12737
13.96587
15.16447
15.13793
13.27234
14.46170
15.39253
13.18921
14.59050
15.11304
15.01271
13.63160
14.53064
13.31417
15.46721
15.25579
14.92417
15.42771
15.29831
14.54207
13.09497
15.18532
13.41366
13.40929
15.37134
14.36468
14.16166
13.42364
14.45800
13.36879
14.59098
15.46794
13.86530
13.54746
14.02648
13.79666
13.61795
13.96478
13.42047
14.11335
14.95077
15.35108
13.08843
13.32780
13.22351
14.52041
13.52696
13.03912
13.08911
13.53090
15.45190
13.95263
13.81922
14.84242
15.07067
14.26633
13.28954
14.12353
14.54997
14.32709
13.22469
15.12649
15.31586
15.26083
13.50718
14.59795
14.62872
13.06260
14.86133
13.28583
13.73562
13.85287
13.42810
14.16230
13.28811
14.80341
15.35007
15.39485
15.19612
14.64465
15.37462
14.15061
13.33392
13.54868
14.33336
13.56383
14.01044
14.86779
14.72006
13.96448
13.66838
14.36503
14.61452
13.79412
14.06079
13.79654
15.18434
14.57574
14.82580
15.35036
13.62933
14.27627
15.00989
15.34077
14.59912
15.46964
14.02891
13.76779
13.52950
14.99108
14.24961
13.33045
13.74010
15.38663
13.91194
15.35736
14.13749
13.79564
14.57079
14.62417
15.32918
15.10595
14.82872
13.26652
14.06781
14.78435
15.31301
14.71886
14.75996
13.78058
14.98923
13.41523
14.03405
15.06720
14.51247
13.53099
14.62543
13.54176
13.00069
15.39963
15.09850
15.07771
13.07709
13.73342
13.35543
14.31525
13.68338
13.71151
14.92754
13.16627
15.41998
14.84681
14.85137
14.63793
14.54520
14.53764
13.36802
13.27652
14.90461
13.27010
14.83159
14.04039
13.28368
14.27096
13.75858
14.40090
13.06776
14.70401
14.80195
14.80026
14.05736
14.31088
14.34576
13.32739
13.34725
15.25770
15.48549
13.54400
13.23051
14.97577
13.93982
13.04734
14.21143
13.40478
14.52759
14.65588
15.49762
14.51289
13.40717
13.18961
13.53158
13.96687
13.06255
13.94099
14.62196
15.10084
14.91554
14.76983
15.26056
14.75427
15.28891
13.68270
13.82577
15.40957
13.59236
14.54479
13.24337
13.72673
14.68746
13.95366
15.10859
13.78885
13.91087
13.59679
14.43986
13.18902
15.18214
15.30159
14.71632
14.20436
13.69521
13.20312
13.46980
14.37751
13.59731
13.82977
13.54033
13.01114
15.45510
14.20285
14.67765
14.60987
15.45790
14.40168
14.06158
14.29083
15.20272
15.35871
13.47233
13.69161
13.51934
14.11173
14.80257
15.37143
13.04053
14.66194
14.57659
15.28791
13.46256
14.08314
13.34249
14.19712
14.45152
13.12827
13.64413
13.64136
14.63207
13.25962
14.13597
15.47642
14.67026
15.16098
14.74513
14.03021
15.02466
13.87292
14.88645
13.38991
13.87366
14.07670
15.33307
13.51607
14.10662
15.32047
13.84479
13.13939
14.87123
13.23378
13.82271
13.81440
14.16452
13.23472
14.18039
13.35387
13.74023
13.63561
13.66890
14.97641
14.24103
13.52022
15.46472
13.49841
14.28220
14.78107
13.66273
13.26224
14.19196
15.49236
15.22807
15.42663
14.06262
13.48373
13.90427
14.04787
13.16773
15.39956
13.02066
14.24366
13.56928
13.89934
14.16527
15.01624
13.30807
14.75243
13.85444
14.74838
13.26635
15.42228
13.25771
13.56985
15.20889
14.44463
14.74815
13.21351
13.21584
13.09115
13.42903
14.60491
15.15776
13.37931
15.29504
14.01390
13.06668
14.96541
13.02448
14.75728
13.29148
13.16224
13.29369
15.45470
13.49505
13.39148
14.84886
14.92213
15.29622
14.51934
13.25795
14.76987
14.26493
15.23192
13.08375
15.44026
14.94141
13.54517
15.21247
13.83895
14.29127
13.00219
14.52870
15.10667
14.39373
13.22968
13.08538
14.30431
15.18845
14.96010
13.25626
15.42182
13.36798
14.37006
15.05002
14.36887
14.91442
13.43836
13.51750
14.06724
13.41989
13.94615
13.30912
14.03756
13.54569
15.03564
14.48072
15.16796
13.77159
15.16764
13.01328
15.01004
13.74089
13.54413
13.82564
14.61427
14.00794
14.77598
14.21080
13.40868
13.33066
14.65760
14.01944
13.57365
13.64048
14.74614
15.38582
14.52564
14.92591
14.58048
14.76573
15.25338
14.09800
14.06733
15.16871
14.73728
14.76478
14.99856
13.33242
13.42940
14.38121
14.13404
13.20905
14.02493
14.13649
13.79030
14.64483
15.26059
14.37302
15.48412
14.81386
13.64170
15.01216
13.87975
14.93448
13.81683
14.43306
14.67924
13.82645
14.04162
14.04907
14.77101
13.45330
14.54397
15.18520
13.52981
13.20227
13.47152
13.48704
14.12868
15.34358
13.61212
14.10812
14.82684
13.61885
15.25429
14.94584
14.91999
15.37548
15.25053
13.88529
14.26149
13.33710
14.95653
15.20986
13.63981
14.68596
15.00965
13.08669
13.11895
14.13460
14.34690
13.06483
14.17151
13.00321
15.42817
13.20882
13.35675
14.95283
14.91125
13.08712
14.80753
14.08298
15.29658
13.00723
15.17134
13.82204
13.07494
14.57952
15.15523
13.85358
14.20235
13.52513
14.92811
14.22925
14.23621
13.79648
14.62304
13.98006
13.83884
14.40741
14.43653
15.03977
13.36674
14.28576
14.09037
15.15664
14.67294
15.26196
15.08291
14.58054
15.48931
13.78608
13.84303
14.68592
14.80325
13.67970
13.45087
13.04076
14.28999
13.32199
13.72562
14.52381
13.54832
13.41413
13.81689
13.96778
15.17989
15.18815
14.75011
13.70303
15.19215
15.48870
14.21370
15.34075
14.17006
14.65748
13.38029
13.65988
13.07609
15.04183
14.22912
14.38233
14.94112
15.25702
14.07155
13.64302
14.88475
14.23668
13.14488
13.51704
14.80645
15.42093
13.30007
13.21977
14.13265
13.09238
13.74009
14.18546
15.18542
14.48048
13.45540
14.01959
14.39603
13.97196
13.58924
15.45984
14.78948
14.56225
13.91342
14.24386
14.42145
14.45427
15.22129
14.85077
13.33625
14.96315
13.83951
14.15113
15.06500
14.34482
13.03118
13.82009
14.82637
13.09360
13.35416
14.96998
13.06932
14.10818
15.37409
14.36551
14.20752
13.97728
14.77026
13.42456
14.24746
15.28308
15.06814
14.07151
14.37909
14.57047
14.54652
13.64593
14.22198
14.47857
15.40786
14.03636
13.32575
14.58570
13.36036
14.91281
15.15314
13.45096
14.14845
14.02567
15.11988
14.40065
13.00607
14.37280
15.16448
13.06211
13.64615
14.18305
14.02833
13.83276
14.08023
13.53145
14.13835
13.02670
13.60551
13.88449
13.95309
13.88694
15.25059
13.03823
14.46148
13.31043
13.15593
14.74071
13.84495
14.40449
13.33795
13.31683
14.19507
14.32735
13.36844
13.74666
14.69437
15.43852
13.85274
14.88178
13.34880
15.38915
14.08120
14.39245
15.38934
14.87979
13.21180
13.85262
14.31411
15.12928
15.06914
14.12584
13.28401
15.40807
13.44337
14.81373
14.29514
14.39767
13.33770
14.09474
14.04142
15.15551
13.08890
13.67060
15.08582
15.26900
15.34447
15.42864
13.58251
13.52819
15.26345
14.37245
13.70913
13.45897
13.07055
15.30964
14.14808
13.93567
13.91216
13.18033
14.34572
13.74100
14.27623
15.46470
13.02933
13.49660
14.00953
15.06051
13.49636
14.19332
13.57045
14.85489
14.46723
14.96174
15.36266
13.62547
15.02230
15.24066
14.60802
14.94710
13.26901
15.45032
14.88066
14.35408
14.01499
14.91242
14.13674
14.59812
15.21778
15.02060
13.21746
14.74373
15.27527
13.14017
13.29744
15.49768
14.15450
13.85031
13.82146
14.51173
14.12621
15.26219
13.17518
13.64164
14.01059
15.28590
13.26609
13.34111
15.38126
14.98310
14.70425
13.47662
13.12059
15.34576
13.03368
14.92285
14.51444
13.97504
15.24864
13.76055
13.55166
13.09563
14.49033
15.46097
13.98074
13.75090
13.35104
14.56675
15.33526
13.35751
15.49094
13.71518
13.03399
13.24872
14.54914
13.82003
13.78720
14.68906
15.09089
13.56614
15.28241
14.75430
13.06172
13.65655
13.00071
15.00536
13.01389
15.15477
13.25300
13.23498
13.05670
13.89480
15.05523
15.27093
13.88057
14.71663
14.95640
13.60667
14.41812
14.63362
13.22604
14.92188
14.89769
14.70399
14.73701
13.12688
13.27737
14.91902
13.18810
14.72175
13.14235
14.25961
14.43454
13.21033
14.22191
14.62297
13.16300
15.17425
13.92127
14.01770
14.67428
14.79669
13.65011
13.07283
15.48478
14.73304
14.26578
14.00158
15.21395
14.28157
14.42683
14.22143
14.68255
14.99025
15.34857
15.41193
13.91513
14.56791
13.98525
14.37793
13.70474
14.21466
13.89574
13.93068
13.97015
15.30021
14.28383
14.17073
14.07546
14.26497
13.38026
13.94055
13.61939
14.71326
13.46557
13.51284
14.09474
14.63093
15.13468
13.63192
14.75265
14.51456
14.74670
13.52195
14.12184
13.85874
13.81420
13.75757
14.98990
15.45779
13.10421
14.42473
13.32858
14.99999
13.89667
15.37700
13.82752
14.17412
13.10242
15.16641
14.40371
14.69888
13.98603
14.29280
14.30978
13.35334
13.09240
14.84051
13.06124
13.40261
13.30230
14.24581
13.67529
15.39866
13.52929
13.43428
14.72255
13.48010
15.12792
14.39435
13.18047
14.02301
13.37530
15.18699
13.33357
14.04207
13.05905
13.22257
13.45954
14.87285
14.66348
13.90221
13.62379
13.52957
15.07168
13.93827
13.26682
14.88145
14.91540
15.49442
14.94025
14.13511
14.39585
14.78707
13.17797
13.62909
13.38360
14.16967
14.59006
14.70224
14.71285
14.25669
13.64865
14.47806
14.15884
14.29177
14.55919
13.54449
15.43525
14.60921
13.33795
15.24066
14.29066
13.78312
13.80117
13.45127
14.80910
13.92321
13.07436
13.55029
14.55904
13.24584
13.23136
14.44516
14.01328
14.16865
13.12395
14.34257
14.01699
13.29118
14.24860
15.27241
13.39624
13.77234
14.57064
14.39505
14.21939
13.72992
14.74231
14.74379
15.11557
14.80757
15.17611
13.32004
14.37029
15.17962
15.13180
14.80491
15.16720
13.43553
14.06389
14.93059
14.70149
13.21082
14.36149
14.17015
15.03443
13.29915
14.04506
14.87302
14.74806
14.70620
13.65907
14.76617
13.07468
13.95700
13.00702
13.53038
13.43763
15.28935
13.79924
13.89777
13.55927
15.25143
15.19601
13.21199
14.94268
14.38370
13.87396
14.21916
14.80134
15.13367
13.93412
14.46444
14.36289
15.12490
13.23884
13.59777
14.84100
13.09320
14.21755
13.07678
14.70339
13.13612
14.39012
13.94876
15.31653
13.28250
14.63905
14.30991
14.87287
13.80332
14.52850
13.06749
13.05470
13.39798
14.76204
13.02786
15.16756
13.05768
13.20928
14.08187
14.36422
13.97693
14.43963
15.39602
14.78359
14.67162
14.61299
14.76969
14.35959
13.88653
13.96551
14.84552
15.37359
14.89116
14.64284
15.37760
14.53492
13.03705
13.69813
15.18230
14.16134
14.95748
13.84495
13.44306
14.33374
14.55304
15.31125
14.45964
15.38370
15.44845
14.29316
15.15166
14.79275
14.21356
15.10839
14.99078
15.02240
14.27353
13.81419
15.15784
15.17903
14.80732
14.06352
13.59471
14.47619
14.74988
13.75800
14.92006
14.60282
15.47206
13.88867
13.27621
13.98125
13.15541
14.56995
15.14976
14.55061
13.14100
14.75501
15.12590
14.89815
13.58381
15.27724
15.34009
15.30955
14.87956
13.49591
13.06860
15.04262
14.56832
14.43570
14.14214
13.76919
13.04628
13.36405
13.01379
13.90400
15.28965
14.08993
13.01326
13.29607
14.74637
13.19362
15.35057
13.13748
14.69251
14.38796
14.49186
15.09321
15.23517
13.29117
13.36418
14.74578
13.49455
13.60815
13.33294
15.30993
13.30701
14.03706
15.06084
14.96285
13.80039
13.14956
13.75317
15.15281
14.83974
15.16559
13.70667
13.34991
14.94669
14.94923
13.72721
14.16720
14.21685
15.23780
14.08322
14.34651
14.43591
14.42509
13.25660
15.04623
13.13765
14.29601
14.30967
14.90617
14.22876
14.66834
13.78214
15.38973
14.76554
14.86118
14.92773
13.05800
15.25435
14.17352
14.13696
14.79959
14.57667
13.81105
13.37615
14.39942
15.39469
13.87659
13.52719
14.28058
14.64036
15.40774
14.12705
14.36892
14.47057
15.35632
15.41803
13.66972
13.04678
15.42299
14.39145
13.77151
15.26153
13.16295
15.11407
14.49937
14.34442
14.12222
13.06388
14.15219
14.14326
14.20991
13.97218
13.82566
13.72889
14.48024
14.44027
14.61005
14.84635
14.88582
13.00437
14.21776
14.11418
15.49260
13.10163
14.81457
13.27657
14.14968
14.76733
14.00506
13.22352
13.34343
13.14220
13.70453
13.35371
14.32332
14.27815
14.73963
14.14201
14.87663
15.04911
15.48665
15.15437
14.45299
15.28734
14.17068
14.87122
14.92627
13.54103
15.07328
13.02137
15.16491
13.24715
14.32930
14.35496
13.52545
14.32585
13.92528
14.23609
14.77177
15.46052
14.55643
13.94747
14.58837
13.65580
14.77923
15.06751
13.81483
13.19734
14.70972
14.34872
14.64210
14.63877
14.30448
13.50813
14.00669
14.29103
13.53760
13.81638
13.74748
13.74235
13.60333
14.45423
15.14169
13.97935
13.36782
14.48454
15.28859
14.40654
14.22557
13.27789
14.73504
15.33640
14.51938
15.01764
14.60213
14.91451
13.25010
13.01095
14.34129
14.95431
14.49808
14.58821
13.31220
13.72335
13.00748
15.38974
15.41090
14.19827
13.43817
13.76585
14.21486
14.12837
15.48806
13.60626
13.49098
13.23957
14.18850
14.07256
14.05309
13.66898
15.47516
15.15858
14.74020
15.49317
15.06643
14.05411
15.37776
15.39964
13.52599
13.18876
15.14285
14.73129
13.54668
14.11269
13.95498
13.86436
14.47364
13.08536
14.16386
14.08695
13.63829
13.43817
14.63491
13.04413
14.95733
13.72236
13.20495
13.91269
14.75088
13.57134
15.30856
13.87423
13.33847
13.78993
13.10556
14.99298
13.32930
13.19937
14.76509
13.82215
14.84988
15.17813
13.89714
14.51064
14.61067
13.89325
15.30214
13.22336
13.21247
15.31588
15.27715
13.85219
14.37319
13.68426
15.46655
14.45740
13.57119
13.74864
14.48135
13.44616
13.74955
14.39536
13.34657
14.97781
13.98166
14.59284
14.56444
13.37953
14.42777
13.78585
14.22232
14.45138
13.68074
13.57705
14.20356
14.41773
15.25865
13.52015
13.07793
13.27514
14.00842
13.24116
13.95089
15.31217
13.88465
14.50847
15.14854
13.27487
13.53448
13.03578
15.06671
15.19596
14.07354
13.59944
13.85779
13.88241
14.73702
14.78523
14.52592
14.79273
13.40282
13.37406
15.14175
14.45493
15.34728
15.10600
14.00976
14.36368
13.43277
14.24571
14.49895
13.28971
14.37258
13.81444
15.02568
15.06384
14.76506
13.39844
14.40632
13.49989
14.24096
14.69191
14.80352
14.57223
14.24277
15.23884
15.17764
13.76011
13.63341
13.49558
14.06172
14.80195
13.70147
14.41030
15.02811
15.49968
13.69562
13.17321
14.45086
15.28944
14.40014
14.34598
13.38052
13.38882
13.61660
13.41447
14.76066
13.90580
13.94999
13.50527
14.70203
13.32991
14.27057
13.74193
15.48487
14.01699
13.12922
13.56091
14.13938
13.51334
14.12021
13.77908
14.94941
14.52204
15.22592
14.38360
14.78399
14.18163
13.90001
15.36150
14.51588
13.72515
13.96917
15.28154
13.21629
15.28825
14.05467
13.37374
14.96891
15.49203
15.39459
13.97376
14.30644
13.09842
14.05285
13.17090
13.32594
13.71596
14.67340
13.06063
15.35177
14.09655
15.12609
13.91055
13.95523
13.61618
13.11748
15.07449
13.56772
14.93451
14.28863
14.97905
15.18183
14.60940
13.05841
13.15589
13.79803
15.11651
15.47141
15.20656
14.02690
13.27654
14.89787
13.12969
13.46781
13.97637
13.10422
14.33257
13.86235
14.22822
13.53675
14.90117
13.53344
15.36105
14.59759
14.66960
14.37734
13.90173
13.09627
13.73496
13.33050
13.54571
15.47944
14.59194
15.29241
14.05426
14.89693
15.01914
13.09480
13.16253
13.09082
14.95235
13.43038
15.34452
15.32059
14.37609
14.99405
13.25638
14.54415
13.54328
14.55693
14.30420
15.14438
14.52031
14.00673
13.51286
14.49543
13.67460
14.95579
13.16345
14.71781
14.92967
15.37353
14.06035
13.94255
15.42097
14.96109
14.75342
13.33997
14.92081
14.10860
15.39969
14.15610
13.55096
13.77498
13.88605
14.44814
13.39469
14.10223
14.77130
13.82757
13.98528
14.89841
13.91526
14.67090
13.88462
15.03934
14.85884
13.81392
14.45850
14.34369
13.48478
14.96816
14.16711
13.42201
15.22829
13.31765
13.31581
13.41330
14.23909
13.36336
14.29770
14.10422
14.88914
14.81418
14.52992
13.56687
13.95800
15.11463
14.85131
15.08483
14.00642
13.89544
13.45062
13.91876
14.05311
14.14050
15.14920
13.06674
13.12091
14.56811
13.31611
14.25975
13.62223
15.49831
13.23678
14.08786
13.10756
13.19456
15.15791
13.61362
13.96838
13.57250
15.20576
13.87792
15.33773
14.15680
13.57100
14.75854
14.91488
14.26925
14.87376
14.36748
13.20123
14.45084
15.39154
14.04355
13.74317
13.23763
13.45410
14.52552
13.00788
13.75215
15.08449
13.23826
13.75010
14.60737
14.66157
14.06440
15.15289
15.44350
14.58585
14.30715
15.08594
13.71659
15.12695
14.09381
13.49155
13.11473
13.77570
13.24382
15.16837
14.06676
13.55183
14.40061
14.01030
15.38788
13.18374
14.25140
13.30389
14.27784
14.82332
13.68826
13.47179
14.95555
15.04766
14.14727
14.58152
13.39536
13.26577
13.13351
13.92163
14.23020
13.37112
14.19214
14.01115
15.42279
14.98202
13.88299
15.02962
13.64421
14.38351
13.46852
14.35721
14.35814
14.34053
14.55299
14.58446
13.72836
15.00834
14.48583
14.66984
14.95703
13.60831
13.60613
15.05467
15.00287
13.48088
14.32404
13.46222
14.77177
14.33256
15.00623
14.95978
13.42267
15.47404
15.38468
13.29469
15.37560
14.70589
13.04099
13.73666
13.57759
14.37875
13.77872
14.83224
14.74244
13.99071
13.81630
14.62409
14.14915
13.10812
14.62877
13.05036
13.15344
15.06457
14.82647
13.97114
15.33584
13.51598
13.24152
14.71280
13.62048
13.88550
15.16759
13.48420
15.08195
13.36226
14.50856
13.37248
15.37637
13.64053
14.42039
14.84698
15.44909
15.41489
15.40902
14.28287
15.24511
13.97568
13.86974
15.48812
15.07657
14.54322
13.07033
14.46815
14.97909
13.76386
14.97713
14.90312
13.09602
14.62371
15.33666
14.63116
14.81877
13.21447
13.43571
14.53110
15.29923
15.13603
14.51912
14.69661
13.45417
14.67174
14.31778
13.02407
13.60584
13.79822
14.82234
13.95848
13.51605
13.23402
14.88363
13.32160
14.31881
13.20088
13.27184
14.11787
13.90892
15.47595
14.40091
14.52257
15.24701
14.87624
14.44998
15.18863
14.41454
15.22568
15.02466
15.24981
14.63177
14.06530
13.32635
13.49888
13.55750
13.13120
15.24592
13.07588
13.55900
14.91566
13.56744
13.30021
13.03249
14.42005
14.20119
14.53459
15.34488
14.33713
13.60664
13.69450
15.24997
13.14374
14.44167
14.10430
13.61395
13.18498
15.27990
13.80501
13.44378
13.37945
13.10666
13.43275
14.33261
14.08049
13.89241
14.71470
13.16750
13.33156
13.90663
14.46243
14.49030
15.17849
14.94225
14.88911
14.40988
13.98155
15.43943
14.70041
15.12518
13.20140
13.18911
14.91096
13.21517
15.35083
13.51984
14.23753
13.90422
15.00086
14.84934
13.23216
13.02666
15.36679
13.74962
13.87608
14.55533
13.06849
14.83598
14.61111
14.86520
15.37431
15.48067
13.02829
14.28724
15.26036
13.16743
13.56730
14.87383
15.17811
13.26178
14.41358
13.45465
13.88876
14.00688
13.95120
13.02450
15.24379
14.30523
15.26308
14.79669
13.46095
13.71794
15.09948
13.08160
15.31906
13.27689
14.76601
13.49665
14.31853
15.45564
14.29612
14.67384
14.04875
14.46491
14.52280
13.57112
14.04463
13.91438
13.98740
14.15410
14.46470
14.77723
14.72691
15.45379
15.47128
13.66436
13.07671
14.97611
13.07251
13.59429
14.95449
13.89167
14.40721
15.09917
15.25722
14.98187
13.59192
13.46479
13.42231
13.89470
13.09868
15.06037
14.00969
13.01587
15.09736
13.63904
14.10460
15.02040
14.68239
14.83353
13.92636
14.11906
14.52002
15.07209
14.77718
14.54845
14.15554
14.98730
13.21674
13.84999
14.96205
14.16610
15.15174
14.30947
13.57849
13.12503
15.18462
14.17931
15.18942
13.33282
15.21837
15.35060
15.06447
14.03967
15.49939
15.17316
14.56595
13.53604
14.43479
14.41368
15.35374
14.44915
13.10502
14.38765
14.54944
14.81700
14.51090
13.68233
15.42522
13.39579
13.35504
14.49015
15.33539
14.21735
14.04850
15.20992
13.58967
15.38871
13.10237
13.75272
13.19602
13.74696
14.25567
14.89326
13.16782
14.17270
15.31503
13.39953
14.74753
13.55623
13.81724
13.73432
14.74797
13.31871
15.21618
14.33993
13.72700
13.56345
15.33614
14.21762
14.26528
14.31486
13.35355
13.74935
14.93664
14.37095
13.14884
14.05848
15.47148
14.56696
14.62039
13.59984
14.34191
13.91909
14.82196
15.14010
13.63348
14.06454
13.54127
15.40315
13.70995
14.08059
14.31630
13.47487
13.24118
14.77360
13.42472
14.10264
15.29600
13.73657
14.20758
14.30145
13.92955
13.27449
13.63463
13.29716
13.61200
15.46305
14.03651
13.54640
13.79081
15.05141
14.92112
14.56915
15.33769
14.98023
13.50330
14.20017
13.48881
14.76590
13.38374
13.55738
14.10527
13.29961
14.31946
13.62581
13.62445
14.06412
14.22585
13.89925
14.53127
14.42978
13.21204
13.44105
14.47063
15.02455
15.28571
13.92480
13.05574
14.35660
14.53130
13.03083
14.97893
13.07417
14.97885
13.63502
13.40835
13.88949
13.76864
15.23610
14.72027
13.13653
14.93152
14.94229
14.24350
14.03715
13.51793
15.07211
15.14702
14.47040
13.28010
14.67644
14.36126
14.85143
13.76716
14.56058
14.88445
14.48296
13.33157
13.66722
13.38522
15.10837
13.97164
14.28777
13.23971
13.27278
13.21710
13.43780
14.02989
13.22398
13.38345
13.91408
15.47266
13.12803
15.41871
13.91638
14.36478
15.43407
15.10458
13.78493
13.42832
15.21024
13.54755
14.33977
14.24267
13.73815
14.80194
13.96241
14.76329
15.16299
13.17417
14.70702
13.53990
13.43378
15.27273
14.03958
14.07107
15.46409
15.26459
15.35911
14.74531
14.16462
13.63116
15.05511
14.49369
14.87355
14.05043
13.47055
13.79767
14.58896
14.49342
13.07257
13.14312
13.99671
13.00130
13.63940
13.96714
13.33444
14.36556
13.05874
15.07689
14.85628
13.04170
14.88669
14.64593
14.40368
14.64961
14.73717
14.55356
14.34012
13.08352
13.27373
14.37644
15.11209
14.02717
13.18122
13.57008
13.34463
15.08058
13.16662
14.53183
13.86263
13.03483
13.55590
13.56470
13.15436
13.86510
13.50509
14.71315
13.10601
13.29953
13.65826
14.85047
15.49546
13.78664
13.24532
14.32699
14.07464
15.33417
14.19150
13.00534
14.55575
15.25979
15.19394
13.10388
15.25441
13.46846
14.06072
14.59315
15.30818
13.84840
14.70888
14.85865
14.98388
15.14324
14.30983
13.14993
13.59945
14.36534
13.92789
13.29434
14.68522
13.83403
13.11810
13.55454
14.43628
14.62977
13.86537
15.07079
13.26931
14.46590
13.00801
15.04158
13.62780
13.56306
14.09807
13.51334
14.85004
13.94803
15.16495
14.96100
14.36578
15.34618
14.51108
14.89277
13.34689
14.82172
13.75520
14.12668
14.84760
15.11222
13.71940
13.66777
14.65234
14.55942
13.07058
13.56163
13.93531
15.13838
14.41839
13.58648
13.94136
13.14780
14.17016
15.14073
15.00834
14.71897
14.08869
14.35379
14.94864
14.57673
14.78187
14.67749
15.48033
14.97541
15.11060
14.57932
15.26708
14.69046
15.38664
13.77472
13.15350
13.55514
14.06401
14.39159
13.03499
13.42610
14.05586
15.42478
14.83309
13.38367
13.54316
14.00494
14.46818
14.26836
13.82373
13.01237
14.36373
15.18364
14.83596
13.24062
15.27654
14.42716
13.68662
13.79156
13.82730
14.57684
13.26768
13.99069
14.72497
13.06991
14.06346
15.02631
15.34695
14.28364
13.31617
14.30697
15.07101
14.48210
13.32387
13.38051
13.21834
13.10213
13.23345
13.20461
14.76345
15.20126
14.63771
13.37891
13.37010
14.37694
15.13736
15.17320
14.31890
15.19110
15.41469
13.85288
13.24001
13.49965
13.01022
13.38169
14.78180
14.56733
14.63112
14.53060
14.36235
14.45696
13.67878
13.29701
14.90503
13.67787
14.23903
15.03762
14.12555
13.76720
15.16918
13.28510
14.63134
14.33371
14.93433
15.44741
13.37650
14.91136
13.86647
13.05668
15.23467
14.96456
13.42268
14.46857
14.03988
13.06828
14.46862
14.03141
13.09977
13.57709
13.93988
14.91553
14.45666
14.18691
14.28146
14.24582
15.33499
13.42069
14.69430
14.74281
14.10087
14.83892
14.55080
13.05756
14.71477
14.27614
13.47082
14.97568
14.21566
14.24634
15.47181
15.05984
14.91063
14.79673
13.04049
15.08211
15.17498
14.61776
13.21274
14.12966
15.25473
13.55665
13.94371
14.98579
14.26469
14.63448
14.44037
13.69817
13.49555
15.33474
15.29576
13.83691
14.67094
14.66683
14.32343
15.16059
13.40648
13.07197
15.47266
14.97968
13.21674
13.98250
14.76657
14.85752
14.11229
13.35027
14.76581
14.78772
14.89983
14.52884
13.41938
14.08851
15.06160
13.64567
14.83934
14.20689
14.54515
14.41082
14.11666
13.47943
13.05623
13.06826
14.91167
13.84376
14.51013
14.89341
14.56415
15.28771
14.62528
14.03348
13.66903
15.47655
15.12928
13.40809
14.78804
14.52880
14.27369
13.14659
13.46185
14.68061
15.00322
15.28387
15.39754
14.67053
14.15482
13.08162
13.74153
14.36604
15.11704
14.96605
14.09335
14.35322
15.38469
14.39684
14.13770
14.91151
15.28268
13.47899
14.46023
15.25388
15.35270
13.83206
14.14146
13.88092
14.72756
15.26090
13.28678
15.37658
15.33976
14.43058
15.01834
14.90376
13.45264
15.27926
14.95391
13.71362
13.04933
13.31068
15.10713
14.30113
15.34336
14.11469
15.30139
14.50356
15.48438
14.88472
13.31193
14.87205
15.13058
14.35769
14.14148
13.87269
13.97173
15.06722
15.31621
13.65388
13.10876
14.86978
14.40919
15.28463
14.66677
15.30445
14.72493
13.53128
14.46178
14.18756
13.71529
13.06157
13.80398
14.70812
14.74793
14.59826
13.29343
14.33198
13.66106
14.80287
14.49898
14.46297
14.93672
14.50277
13.97640
13.49950
14.84507
13.21477
13.55945
14.33019
13.60863
14.38385
14.02724
13.95598
14.99664
14.38255
14.69491
13.12645
13.19213
13.60124
14.92960
14.29910
14.46967
14.41601
14.24980
13.74800
14.18735
13.12954
13.65421
15.12436
13.20354
14.87451
13.48748
13.56545
13.38775
13.78761
14.93712
15.10803
13.82123
13.38179
14.85587
14.06788
14.25718
14.76173
14.09331
13.62610
14.53285
14.76724
13.52116
13.79650
15.25556
13.01726
15.45080
14.60591
13.32458
14.48935
13.76007
14.54091
13.24707
13.60934
14.67191
14.75162
13.55169
14.87344
14.66796
13.29826
13.57930
14.46569
14.02837
13.06175
13.40500
14.04809
13.63446
13.58036
15.49196
15.21665
15.01446
14.73052
13.87950
14.51864
14.17499
14.32155
14.65888
13.59024
13.19687
13.48109
15.21647
13.56633
13.79228
14.20886
14.95693
13.69431
13.72942
13.47226
13.26341
14.02774
13.83632
14.63904
15.06644
15.22821
13.16084
14.37856
13.58744
14.01815
13.35241
14.99006
15.32137
14.40545
14.46909
13.60583
14.77324
13.39851
13.27772
14.00111
14.99212
13.10974
13.27141
14.83240
15.42160
15.43687
13.56473
14.20506
13.42947
13.00836
13.98507
13.43987
14.37598
15.13961
14.05445
13.51296
14.91698
14.18821
14.62368
14.65811
15.35071
13.46181
14.63737
14.17989
13.55613
15.29418
14.36275
14.82110
14.12840
13.94207
14.16442
15.03534
13.51264
14.73276
14.12602
14.94696
13.57720
15.22132
13.11681
15.10507
15.12774
14.57128
14.85516
14.47528
15.11980
15.17708
15.21082
15.09220
13.63324
13.93312
14.90247
14.69906
13.07005
14.54319
15.30623
14.11995
14.97358
13.79842
14.05753
14.78801
13.72864
13.22910
14.78499
14.69519
13.96767
13.19937
13.51182
13.96530
14.81971
13.25854
15.29234
13.72236
14.51459
13.06399
14.00874
13.02139
15.41477
13.12674
13.97134
13.99068
13.08195
14.94210
15.10827
13.83023
13.80959
13.67397
14.28525
14.53630
13.08806
13.32827
13.16832
15.46152
14.83816
14.01068
14.80225
14.48562
14.57205
13.59013
13.58346
14.66420
14.82894
14.66998
13.09335
13.53303
14.76132
14.91917
15.42767
15.24268
14.94319
13.88129
14.85460
14.12790
13.43660
13.70315
14.36772
15.46704
13.91458
13.44504
13.41984
13.67601
13.90371
13.85127
14.10636
14.96013
14.67416
15.29657
14.53066
15.01362
15.45350
14.90820
13.86132
13.31516
13.54663
14.08567
15.33321
13.03230
14.48023
13.21411
13.48026
14.01372
13.74746
13.83971
15.33711
15.27450
14.79636
14.06368
13.42539
14.19634
15.37067
15.06045
13.94690
15.41623
14.19113
15.08242
13.25133
15.27632
14.33446
14.91301
14.27260
14.42139
15.11764
14.17901
14.97842
13.25797
13.94381
15.40792
14.70380
14.69633
15.20308
14.57376
14.58252
15.16032
14.35500
15.19464
14.86867
13.08941
14.69570
13.02454
13.44484
13.77811
15.49262
14.65671
13.50516
14.06441
13.66206
14.66107
14.30933
14.76861
13.86471
14.26233
14.65462
14.55080
13.55163
14.37274
14.51551
13.62679
13.98653
15.27385
13.79281
13.30669
15.21846
14.99044
13.66804
14.07625
14.09540
14.93919
15.44333
13.70653
14.30045
15.37441
14.41734
14.89405
15.48872
13.71289
13.83257
14.79679
13.77139
14.24574
13.11630
15.12858
14.58999
14.74655
14.87862
13.06927
14.38178
13.61715
13.07348
14.27570
14.00052
13.71123
14.35521
14.99324
14.02698
14.81017
13.28278
14.49940
13.83729
14.46817
14.92928
14.08128
13.50268
15.38735
13.68015
15.15411
13.09970
14.40824
13.12030
14.66606
14.45871
13.56968
13.59584
14.78821
13.70151
13.48062
13.58279
13.01686
13.63620
14.60909
13.95034
13.96960
13.93153
13.13637
14.67747
13.24362
14.21006
14.71910
14.81740
15.18583
13.73182
14.82054
14.25061
13.08893
14.80352
15.35638
14.80360
13.76218
14.49601
15.35137
15.36478
15.08831
13.75604
14.13792
13.69131
14.65815
13.90445
13.44453
13.41286
14.86335
14.24096
13.82783
13.42677
13.48207
14.26103
14.12619
14.71607
14.88458
15.13538
15.23817
13.20422
14.02967
13.60636
14.22920
13.13906
14.07559
14.99439
13.29438
14.10504
13.00695
15.44505
14.53568
15.34570
14.10083
13.78870
14.61218
14.16239
13.03402
14.64726
13.08086
14.72088
14.40260
14.94454
14.84293
13.84302
14.76134
14.87044
14.43548
13.64327
14.45715
13.63973
14.62516
13.39564
15.39127
13.19414
14.13400
15.19135
13.46330
15.34235
13.08034
13.95324
14.27575
13.74815
14.04501
13.56669
15.10625
15.13201
13.30630
14.81876
15.24593
14.09821
14.17577
13.30039
15.31659
14.70977
13.72930
15.07390
15.17967
13.90395
13.40042
13.87233
13.93709
13.86795
14.47873
14.32761
13.71746
14.14665
13.00735
13.20111
14.00919
13.24718
13.17014
13.03955
13.66598
13.00671
13.06848
13.02001
15.16691
14.12398
14.22682
14.70191
15.48244
14.83630
14.74519
14.33834
13.69498
13.30027
13.14025
13.24106
13.64002
14.50256
15.25530
13.03275
13.42759
14.19407
13.65460
14.83247
13.23652
13.30697
14.99963
13.14301
15.32007
13.52857
13.25359
15.27067
13.07125
14.70346
13.41795
14.81081
15.12413
14.28842
15.20093
14.75420
13.75823
13.76697
14.51261
15.21520
14.05619
13.42699
15.36161
13.75597
14.31195
14.01570
13.31612
14.75159
14.47862
13.85077
13.88477
13.16397
14.41832
13.89350
13.28681
15.47298
14.92226
13.99897
15.19650
15.00945
14.67163
13.97162
14.67154
13.80270
14.62016
13.63653
13.02570
13.14067
13.38907
14.50605
13.66410
15.34227
14.13817
15.07755
14.35332
13.29524
14.75948
13.12468
15.10323
15.19985
14.22298
13.15682
13.25945
14.40415
15.14119
14.55047
13.53535
15.02402
13.05073
14.57219
14.22241
13.74252
13.44614
14.26585
14.32218
13.69484
14.45519
13.81172
13.23418
13.78030
14.56992
15.43982
13.70898
13.65149
13.30187
13.11181
14.42441
15.26408
13.21478
15.09752
13.71150
13.54770
13.31878
14.95987
14.14240
13.95415
13.18787
14.27644
13.94962
14.89033
13.73761
13.77996
15.43816
14.11519
14.76024
14.92997
15.12987
14.65363
14.78068
13.00459
14.14684
14.85072
13.15532
14.36975
14.89594
14.52731
14.35444
14.87435
14.61015
13.30356
14.46725
13.40845
13.61533
13.88914
13.98097
14.50174
14.93311
13.73568
14.48169
13.94345
14.32766
13.22872
13.40481
15.41691
14.26003
13.96432
15.42096
14.09274
13.87289
14.81063
13.70331
14.79739
15.46491
13.51740
14.87801
14.13814
13.41172
14.62034
13.16034
15.44416
14.49934
13.54855
15.30521
15.31822
15.36023
14.51552
14.82028
15.05847
15.08310
14.20391
14.19693
14.79725
15.44107
13.63923
13.82736
14.49085
13.42003
13.15712
14.51371
13.44503
15.41446
13.35318
14.56653
13.13371
13.80337
14.86670
13.15296
13.67715
14.39790
14.73203
14.99286
15.39615
14.38774
13.93241
13.74629
13.74546
14.94937
15.04312
14.62206
14.80656
14.03391
15.19691
15.06852
14.81841
15.30177
13.29274
14.37509
14.45007
13.80046
13.18336
14.26996
15.40708
13.98154
13.14355
14.49729
15.16911
15.34194
15.24121
14.57314
14.75302
14.15184
15.46490
14.62787
15.45801
15.11068
14.60581
14.97568
15.08242
15.42643
15.28360
13.39084
15.30519
13.00197
14.93390
14.91908
15.17433
13.33922
15.26408
13.36724
15.08820
14.86807
14.08311
15.21391
13.32327
14.42832
13.44451
14.18646
13.40537
14.88604
13.33720
14.98570
13.87563
13.92453
15.06213
13.65165
13.34588
13.65971
15.13607
15.34312
14.04215
13.71965
14.66083
15.02718
13.14593
14.54073
14.55456
13.39259
14.05024
15.00494
13.01326
14.42443
14.93302
14.05958
15.08454
13.53711
14.30439
14.70302
13.69651
14.09053
13.30346
14.68812
14.95867
13.80007
14.11981
14.59697
14.20247
14.20830
15.10505
15.31021
14.08410
14.39540
15.03521
13.70298
14.15057
13.44216
14.24269
14.78293
13.47235
14.97704
13.64340
13.11087
13.89075
14.52915
15.24581
14.85047
13.42833
13.12270
13.47096
14.19259
13.13456
13.12697
13.66460
13.72426
14.43816
13.71717
14.01285
14.20583
15.00228
14.70999
14.50145
15.36078
15.15581
15.42645
15.40105
15.46098
13.40801
13.87143
13.39718
13.47138
14.06865
15.20037
13.47658
13.08168
13.49141
13.22979
15.42109
14.82122
13.56745
14.62553
13.20533
14.83474
13.55241
15.24950
15.24250
13.13063
14.11818
13.17896
15.20100
14.67827
13.98288
14.10884
14.58821
13.18993
13.77519
13.58472
13.82741
13.20991
13.64317
14.62776
15.37135
14.39404
13.35465
14.89480
14.73219
13.65728
13.45320
13.77504
13.27751
14.18876
14.19299
14.55340
13.67592
14.90328
15.06235
13.15157
15.38593
13.82194
14.14782
14.95838
13.27117
14.45181
14.87297
15.08481
14.65722
13.73520
14.84735
13.15914
14.00543
14.31964
15.19008
14.01094
14.11386
14.39733
14.02126
13.79979
13.79106
14.23191
13.43677
14.93207
13.69081
13.48325
13.80431
14.21904
15.06473
14.63576
14.00848
15.32838
14.55469
13.57644
13.21650
14.11582
14.01711
14.74353
14.94931
13.04565
14.01565
15.35038
14.13653
13.13879
13.74830
13.37189
14.48318
13.12912
13.82431
13.60085
13.03199
14.78713
14.65128
15.39071
14.02207
13.81897
15.16753
14.57025
13.66485
15.44118
13.56490
13.10363
14.54032
13.07013
13.10491
14.47358
13.64418
13.85035
13.91620
13.82245
13.97351
13.02093
13.88839
15.44915
15.03828
14.01822
13.26043
14.40883
15.04878
13.69552
13.00457
13.56473
14.72713
14.25670
15.15047
14.37661
14.37928
13.41762
13.04192
14.00947
14.05854
13.95108
14.94642
13.09546
14.27538
15.02981
14.45127
15.07111
14.84321
14.95046
14.44219
13.23515
14.88798
15.08025
13.36892
13.29778
13.15148
13.31759
14.17397
13.32130
15.40004
15.17367
13.31468
14.14461
14.23171
15.28257
14.94974
13.84233
14.06636
15.13766
13.54212
14.04075
14.29919
14.68999
14.23566
14.46652
14.32565
14.42879
14.76768
15.35646
13.88882
13.42301
15.46032
13.28660
14.12717
14.97533
13.83736
13.28555
15.22839
13.63283
13.78953
13.69604
13.47729
13.57981
13.14481
14.52113
14.37447
13.57265
14.90487
13.66907
14.28725
13.38665
13.94372
15.00865
14.00769
15.41156
14.04990
13.99099
14.27816
15.22745
14.99589
15.15495
13.71595
13.37822
15.41136
13.63993
15.37153
13.25679
13.04186
14.54281
13.90278
13.35033
13.76813
13.96979
14.65193
14.15347
13.69609
14.92424
14.88766
13.55290
15.23665
14.53559
14.88052
13.26464
13.28688
13.08673
13.37441
14.18817
13.41503
13.82084
14.69941
13.87003
13.21164
13.16841
15.06713
14.32257
13.92863
14.90859
14.63474
14.58875
15.03493
15.35348
14.78845
14.49155
13.05026
14.05338
13.05357
14.97161
15.15623
15.43876
13.25531
13.86398
13.68444
15.04408
13.42644
14.85466
14.20593
15.39982
14.16145
15.45632
13.15314
14.58189
13.45483
13.49034
14.64787
14.91796
14.74514
13.71615
14.73867
14.36592
13.75033
14.27875
14.79476
14.95131
15.17172
13.36016
13.41140
14.35871
14.47371
13.08741
13.19997
13.15263
14.78691
14.29883
14.51496
14.88412
14.42512
13.40892
15.03236
13.04430
13.52331
14.93707
13.88939
14.30961
15.01580
14.41348
13.71112
15.08610
13.76232
13.68364
14.30852
13.80207
13.45458
14.79102
13.32363
15.17961
14.07634
13.46727
13.51866
14.18928
14.46630
14.27144
13.85128
13.61429
13.71598
13.10971
13.96189
13.85389
15.02815
15.44775
13.35397
14.38243
13.52924
13.00726
15.21790
13.20180
13.08129
13.95469
15.34421
15.00774
14.79127
14.74350
14.98949
13.50446
14.33197
14.59001
15.47432
15.05770
14.15443
14.15665
15.39538
13.62271
13.19954
13.60591
14.76419
13.29362
13.64264
14.85913
14.35619
15.34336
14.89546
13.70505
14.56421
13.63524
14.35823
14.92045
14.30583
14.09775
15.06029
14.56835
13.20122
14.24650
14.33877
14.05722
13.52783
13.57809
14.67515
13.29345
14.40415
15.25211
15.45247
14.85491
13.84244
13.93161
14.69052
13.00171
13.66328
13.27045
13.12609
13.56016
14.95828
14.93700
14.38643
14.23134
14.93400
13.57753
13.46293
14.92412
15.21108
14.86943
13.36914
13.36130
13.87561
15.29803
15.11536
13.58794
13.24697
15.36272
15.02998
15.32958
13.05800
13.89286
14.80298
14.87714
13.17123
15.07234
13.73883
15.36549
13.81784
14.25513
13.16137
14.44189
13.18136
15.26346
15.19454
15.44035
13.72564
13.74001
13.95409
14.69074
14.77273
14.30959
15.11975
14.49692
13.79830
15.44013
13.74014
15.35985
15.27353
13.29535
13.26699
13.98632
15.23304
13.74328
13.52627
15.01097
15.05723
13.70806
13.57655
14.01772
15.25777
14.14048
13.54412
14.08091
15.28664
13.37054
13.98310
14.62296
14.54122
13.35817
14.29702
14.81512
14.15610
13.02881
14.35862
15.45444
14.94507
15.49455
14.73555
15.31115
14.05675
14.51102
13.03695
15.07076
14.07128
14.94019
13.15555
13.72651
13.46344
13.12829
14.06719
13.76646
14.86765
13.83145
14.32970
13.79668
13.37114
13.34589
13.27215
13.82187
15.19477
15.09453
14.34679
15.49499
15.33215
14.92999
13.00871
13.27332
13.49608
14.05243
15.27825
13.90589
13.71052
14.03692
13.05748
14.79078
14.89348
15.04357
14.23352
13.89261
14.70265
14.31676
14.52531
14.83966
14.56279
15.45413
13.96034
13.35324
14.07260
15.06308
13.15105
13.90907
14.10857
15.06650
13.04770
15.10673
13.00480
15.18883
13.59510
13.73028
15.45264
14.22933
13.13698
14.78122
14.29415
13.43565
14.21638
14.08798
14.31315
13.56146
14.11404
15.33309
13.86033
14.63419
14.60133
14.83910
13.02646
14.74503
13.64188
15.25885
14.39406
14.11224
13.17217
14.33274
14.57568
13.34893
13.41093
13.26803
15.03607
15.41733
14.21466
14.27062
14.95872
14.37668
15.15755
13.28459
14.55135
14.67066
14.20674
13.38743
14.64439
13.52112
13.50803
15.34103
14.63473
14.92110
13.01475
15.33873
13.00136
14.04958
13.94454
14.54319
15.27582
15.06396
13.34087
15.37315
13.54848
14.50856
13.32596
14.25618
14.44710
14.16157
13.98005
14.88025
15.24434
15.44115
13.15186
15.21630
13.38544
13.93794
13.29211
13.83577
13.29193
13.23883
14.92347
14.09881
13.63600
14.40510
13.77863
14.54662
15.45178
13.45142
13.75682
13.14443
13.48556
13.73759
14.65305
14.61092
14.73610
14.37034
13.62858
14.44964
14.17792
14.52905
14.91553
13.91570
13.62218
13.09901
14.90067
15.35393
13.50598
15.05673
13.32616
15.02353
14.02726
14.89193
15.10623
13.87072
14.49846
14.80843
15.04881
14.15833
15.05779
